500
55 153 59 48 97 85 168 81 102 208 68 75 75 170 115 91 56 100 38 115 48 142 83 35 59 140 79 120 21 67 162 91 25 125 104 73 71 58 36 65 121 92 77 18 72 141 46 36 108 101 49 74 142 71 125 92 52 92 45 56 22 27 162 22 53 138 108 121 38 99 99 133 67 53 90 49 108 43 61 74 71 41 48 59 36 38 54 95 14 60 116 107 167 119 63 38 82 154 45 93 99 134 39 76 125 47 84 20 35 95 143 117 69 37 27 173 68 82 105 122 217 114 61 112 119 46 83 62 141 109 148 91 100 47 54 131 15 97 52 98 125 57 149 118 39 65 103 64 30 26 91 75 86 125 97 144 73 134 71 122 68 66 42 63 81 32 129 133 106 95 126 73 149 56 61 145 113 90 108 36 44 68 40 42 81 160 96 95 66 53 45 125 101 97 107 83 68 98 63 81 80 87 119 38 41 118 215 64 110 133 47 48 34 92 116 46 20 109 95 73 77 166 139 58 40 127 133 62 152 140 117 99 60 31 58 65 112 162 90 61 100 45 44 19 81 91 138 80 37 78 73 105 102 144 30 94 42 105 58 43 31 53 132 107 45 40 50 25 91 115 197 82 92 88 134 77 63 137 15 16 54 38 80 86 40 56 40 38 107 55 67 49 196 99 106 34 45 135 101 63 157 92 81 44 47 100 40 48 162 69 69 87 33 35 115 99 61 41 79 76 163 128 121 63 19 42 59 73 241 230 28 88 89 110 73 52 28 73 58 52 29 34 90 79 79 27 98 18 134 128 139 139 109 74 37 221 54 21 66 73 85 84 95 100 39 72 42 24 43 150 166 110 68 137 114 127 73 61 82 75 65 39 49 102 48 29 56 79 56 27 130 129 88 105 66 36 72 63 47 44 79 160 177 76 75 61 89 33 102 98 69 90 88 68 97 191 26 90 84 136 61 98 65 77 50 66 61 43 96 80 31 17 111 168 91 50 104 121 88 121 50 101 68 77 118 12 62 95 80 43 25 74 89 163 30 211 76 27 139 48 104 37 61 53 43 161 55 104 85 45 125 67 130 84 36 50 128 53 21 68 61 38 68 44 19 29 102 40 47 19 75 58 99 92 138 137 72 63 81 39 
82.386
5000
260 221 247 175 216 91 308 258 107 77 95 148 92 34 228 263 167 182 206 164 257 220 109 166 215 126 223 58 118 45 173 139 379 163 40 107 115 59 67 423 146 168 375 161 158 54 141 120 85 290 95 210 120 98 86 215 80 254 99 45 164 287 39 249 152 105 182 173 209 169 393 203 186 179 91 156 265 128 227 92 252 208 114 208 42 204 124 144 179 108 197 200 86 310 409 163 241 169 108 113 368 156 297 18 127 114 211 136 163 195 171 127 109 161 343 252 91 269 150 267 207 213 295 79 58 99 234 375 246 60 149 245 207 331 186 165 279 174 134 148 294 254 138 183 117 85 76 177 305 117 161 208 256 149 126 315 100 146 111 77 164 106 194 140 75 153 50 102 89 313 165 211 168 139 115 139 477 98 122 137 168 110 268 31 120 52 93 42 65 94 168 156 283 120 171 234 216 487 90 177 92 377 93 205 164 272 232 131 195 45 263 261 236 60 214 223 90 69 103 261 134 158 139 287 110 305 148 147 108 94 220 70 110 290 281 199 66 106 42 107 155 218 290 55 214 84 119 181 168 269 363 187 207 206 51 271 222 135 61 166 135 145 230 64 44 31 134 131 142 105 202 183 217 98 211 95 326 249 110 147 89 282 194 62 48 168 431 122 103 131 238 127 422 73 91 147 220 256 212 117 248 48 274 193 144 59 206 188 121 223 72 154 64 230 229 235 205 200 164 152 296 321 256 63 122 199 308 122 164 187 80 241 96 205 205 37 193 131 188 81 198 105 142 185 152 192 41 183 123 139 72 307 287 266 196 111 97 127 63 143 228 113 157 35 196 113 130 64 297 47 310 55 58 144 77 237 233 115 47 64 151 210 197 82 63 108 154 61 207 82 246 195 162 252 106 119 303 27 142 130 225 220 364 92 113 136 412 184 73 104 226 226 168 146 167 118 233 172 209 274 181 54 460 91 186 316 126 141 171 191 112 187 101 123 119 90 320 105 114 146 300 126 228 268 130 90 108 100 169 353 121 383 264 166 300 153 156 50 221 42 120 63 191 108 136 63 168 138 103 184 115 78 170 34 114 40 245 83 123 142 188 189 200 197 152 184 271 77 53 80 193 231 128 169 60 176 263 199 50 43 
166.662
10000
92 124 241 128 121 90 23 115 73 362 78 129 78 136 103 404 120 142 147 124 271 183 172 110 226 179 453 94 100 101 171 197 139 105 194 77 343 157 63 197 82 105 234 174 230 320 193 212 32 115 196 69 394 218 206 134 121 138 173 80 69 280 178 81 93 93 144 134 238 158 243 144 166 374 100 109 198 82 31 174 209 109 86 84 98 180 213 168 71 111 141 159 43 157 244 35 74 191 224 82 293 371 201 116 265 127 35 83 204 513 307 355 95 434 99 438 136 313 356 177 260 248 220 194 131 545 88 172 339 157 114 333 194 304 302 106 115 359 76 86 35 352 148 185 121 326 457 389 398 101 106 185 132 161 123 226 79 89 56 69 234 132 86 177 210 184 187 455 531 335 236 125 250 120 104 158 217 138 94 181 242 121 154 170 251 333 142 51 82 102 215 139 222 64 223 81 206 335 135 240 155 209 176 276 169 25 322 227 99 286 155 110 84 287 262 307 201 220 308 187 98 236 143 36 260 205 223 321 397 82 20 194 268 333 119 141 299 397 120 96 87 280 480 95 219 133 239 87 153 159 30 120 246 304 77 91 124 146 116 149 327 107 57 253 128 152 50 195 91 221 379 203 272 224 349 246 183 375 123 211 126 208 81 120 175 212 241 103 92 210 107 224 186 238 204 205 298 90 87 113 215 357 113 43 100 185 116 242 63 488 373 190 169 179 386 247 142 138 197 56 88 379 182 34 199 307 128 206 111 52 91 180 94 143 294 215 127 484 122 235 128 150 131 126 150 310 219 185 370 471 138 269 217 33 277 550 144 229 138 167 111 217 102 215 154 239 149 79 157 204 309 155 47 247 255 251 91 117 54 372 269 118 438 108 49 257 148 218 179 117 89 180 188 190 183 75 194 308 182 149 135 246 154 155 164 165 581 104 169 185 261 198 133 98 137 374 138 223 235 172 331 147 262 253 91 166 122 159 170 344 85 84 109 278 186 146 436 283 214 392 336 41 280 44 175 116 144 179 146 209 103 409 213 188 57 139 144 181 322 87 148 269 270 103 142 132 40 155 206 227 63 177 257 354 143 87 488 175 249 144 115 73 141 174 118 96 136 183 93 137 225 93 272 187 102 225 181 267 61 87 
185.8
15000
423 216 58 391 115 22 222 177 131 215 138 147 190 131 332 385 574 331 322 186 253 89 377 219 199 104 247 166 217 283 37 327 136 215 197 30 43 64 105 335 56 331 169 162 67 196 376 223 72 126 204 112 241 169 165 242 317 86 146 182 208 251 144 193 158 177 158 115 95 547 273 146 139 85 162 72 267 171 138 188 184 162 231 302 176 70 152 186 300 141 133 470 384 404 153 261 149 406 115 129 418 232 212 92 323 139 228 300 219 235 96 111 126 199 83 110 207 288 157 403 497 253 101 247 264 75 263 136 123 247 50 194 70 249 226 120 185 147 166 382 75 238 258 36 215 172 144 265 254 267 295 688 127 261 98 50 177 43 137 70 181 123 95 125 76 199 123 106 468 459 187 205 458 111 85 64 499 69 227 148 64 196 183 127 27 126 240 182 112 133 73 305 564 528 121 243 366 161 79 197 185 304 45 60 122 311 282 191 187 150 69 132 211 252 214 139 242 289 87 68 190 226 228 151 255 39 348 360 184 468 430 53 91 131 395 242 424 292 376 194 163 196 218 324 189 46 200 217 333 230 202 455 107 98 102 682 316 201 256 268 277 300 213 143 132 243 161 236 333 76 153 112 333 165 246 229 395 284 149 103 196 164 79 64 122 47 266 350 83 428 161 260 170 260 40 83 325 106 179 66 323 113 347 292 513 250 199 574 96 352 276 139 158 236 362 408 497 309 385 224 87 197 489 379 368 137 74 224 199 594 439 397 39 282 120 308 168 63 225 122 260 245 271 129 121 131 110 466 274 322 263 368 185 224 180 172 113 441 119 342 222 131 283 156 181 195 223 340 383 146 255 280 175 178 281 197 232 100 208 166 559 297 109 152 75 156 88 82 139 183 58 323 190 300 153 252 78 319 423 382 194 134 71 261 209 82 99 71 65 235 219 89 221 171 199 195 217 537 735 99 201 246 264 124 269 204 150 304 260 227 234 192 113 200 184 212 160 218 408 206 164 167 359 123 232 257 112 170 285 338 172 242 161 273 145 76 117 181 87 223 156 120 60 238 103 131 125 194 195 150 300 99 78 127 90 127 239 142 153 126 116 331 327 104 380 177 164 292 193 49 110 78 471 165 76 146 205 216 170 233 
210.17
20000
163 257 131 58 70 169 176 206 183 476 115 255 108 447 151 397 243 408 67 297 151 310 216 249 149 159 246 286 174 130 175 129 71 377 332 396 373 448 255 382 142 238 145 242 217 253 186 302 165 133 105 270 89 268 121 232 220 188 85 141 226 205 72 202 84 130 162 66 119 573 538 232 467 102 103 174 151 183 200 186 283 219 230 134 211 40 227 65 187 158 81 163 88 253 157 96 120 80 163 168 337 200 171 279 204 71 238 226 103 475 51 228 151 247 327 333 128 138 276 486 367 434 140 322 150 201 57 403 364 234 82 218 289 288 450 435 243 271 79 162 544 97 240 106 215 375 431 315 211 386 249 179 126 82 46 101 183 97 370 131 335 172 153 226 58 290 42 142 390 304 308 475 430 138 243 503 117 299 140 174 168 329 79 114 177 229 240 222 87 62 215 258 302 591 72 322 114 50 89 148 256 211 167 282 407 163 96 250 108 571 88 359 144 131 216 808 155 318 191 631 213 286 67 193 126 432 303 576 288 379 181 311 141 383 182 100 360 124 122 79 232 24 432 53 143 196 206 99 335 99 194 161 443 368 185 273 43 124 171 75 188 334 232 349 70 229 44 176 131 258 295 117 344 180 149 78 169 87 188 128 136 291 103 34 296 28 114 193 249 239 186 228 230 141 217 195 61 399 178 211 174 176 550 415 161 270 859 127 57 268 412 262 179 156 441 287 90 162 206 371 280 56 60 431 161 259 207 167 137 271 104 321 82 427 189 407 319 175 99 207 152 193 348 122 201 159 514 62 406 294 368 513 145 171 31 263 163 29 295 132 155 159 44 217 229 83 90 168 223 236 309 108 63 125 240 240 273 63 202 228 390 188 193 86 48 77 154 227 101 353 163 146 322 76 270 334 217 150 272 67 103 168 270 204 118 294 317 155 163 224 207 191 335 471 139 222 122 189 156 470 446 194 180 172 383 161 277 332 84 243 145 282 179 165 216 94 372 166 253 540 207 181 208 165 177 298 255 247 191 322 120 156 326 133 254 347 263 127 323 108 186 125 274 139 84 213 27 83 235 245 275 116 91 39 286 337 215 84 106 175 66 293 234 185 204 143 185 303 408 274 219 493 91 427 125 294 326 190 234 200 
218.348
25000
236 350 333 465 218 171 198 194 87 222 169 250 56 170 188 316 127 350 311 557 287 106 264 187 132 232 176 373 407 73 69 125 260 248 211 176 282 303 333 196 406 200 268 123 514 295 129 92 218 330 118 265 339 180 212 390 424 162 279 211 145 146 150 65 110 162 158 120 191 145 173 169 391 421 165 282 448 179 118 140 156 107 278 124 170 216 364 77 364 136 267 204 95 440 178 305 242 185 134 65 262 208 286 414 73 238 192 191 113 331 313 294 172 302 123 465 158 369 207 276 325 683 83 300 297 254 372 118 243 156 31 234 189 740 168 246 130 136 319 189 180 264 198 79 386 219 257 271 349 125 128 631 300 202 108 532 149 302 274 272 177 252 136 415 159 198 103 199 63 85 414 263 75 212 359 374 127 187 160 141 403 290 29 199 199 158 275 267 104 87 222 262 290 55 154 177 107 357 191 285 354 134 696 440 189 394 361 171 45 349 441 193 115 112 107 600 122 126 274 102 171 549 192 302 192 244 409 194 162 371 210 77 250 254 191 383 72 171 238 250 119 191 397 256 302 204 335 138 348 120 234 586 324 134 170 59 211 83 253 72 196 186 46 305 133 139 91 127 188 127 333 92 230 215 110 264 303 188 325 363 80 194 156 31 172 122 237 274 130 53 219 338 264 258 137 547 186 269 248 312 404 167 289 290 130 126 461 409 371 583 63 146 178 191 284 415 500 87 115 499 178 483 325 332 77 247 193 76 464 597 498 193 170 267 244 93 242 48 152 90 370 74 351 168 93 148 52 140 337 184 58 403 366 264 317 390 189 468 410 196 352 191 104 237 83 216 36 100 296 599 214 84 349 214 467 118 139 82 52 183 310 100 372 137 110 97 77 46 253 399 131 366 245 566 155 60 267 459 102 294 262 236 347 175 238 360 300 60 183 287 195 281 111 140 226 277 111 228 79 115 313 193 226 313 487 239 281 322 211 371 129 276 150 279 114 261 207 236 221 359 218 204 350 110 169 166 363 371 119 259 250 120 204 190 100 210 51 173 179 134 527 149 346 124 116 207 121 56 438 304 312 336 304 184 101 189 184 168 184 271 506 115 238 146 297 93 103 107 254 306 334 167 494 161 163 106 333 126 231 251 
231.846
30000
176 455 201 192 272 256 144 119 197 278 309 409 227 149 419 354 313 345 160 159 748 360 95 192 295 152 220 331 145 172 200 525 521 377 646 484 346 406 347 269 108 274 114 77 70 158 167 282 316 64 222 134 324 273 116 385 434 190 127 288 222 548 78 141 174 687 377 76 644 317 97 371 349 152 313 173 348 274 152 124 102 219 360 65 74 114 107 202 365 296 130 215 122 508 31 279 128 233 263 200 413 116 177 356 311 235 332 69 196 212 88 100 182 248 211 579 50 259 141 167 101 301 212 296 299 155 348 207 288 513 148 112 375 221 171 280 204 124 520 247 396 188 268 95 240 302 253 92 305 347 119 289 508 364 224 267 97 157 445 81 251 319 106 47 237 350 161 83 293 513 189 127 400 89 244 405 321 110 43 290 424 343 107 99 161 99 72 410 248 554 71 148 138 502 40 249 123 267 107 381 251 273 389 291 212 25 250 143 52 157 271 128 173 367 285 168 276 185 221 169 203 174 312 284 384 229 51 227 420 335 373 132 90 793 326 131 325 236 121 123 112 415 358 135 218 73 513 217 149 207 117 280 226 52 47 137 323 46 157 287 278 326 295 37 146 198 141 294 284 597 89 106 281 89 194 40 160 113 146 75 197 276 324 117 125 124 252 178 317 397 325 379 230 259 329 139 185 249 83 206 348 124 68 128 119 75 84 608 202 385 397 208 135 136 269 218 135 248 168 202 147 260 324 163 171 198 402 288 226 305 49 275 258 101 104 141 119 348 230 144 60 216 401 92 378 240 160 146 347 162 493 235 140 297 83 447 232 267 236 202 231 407 168 204 91 229 167 134 272 295 332 219 285 116 333 95 260 184 124 159 286 122 273 288 192 125 156 131 435 257 470 286 66 136 40 466 182 116 418 137 511 396 258 290 261 95 243 126 58 390 263 193 123 169 203 530 335 331 342 71 213 132 480 253 222 277 81 244 276 233 55 186 124 365 489 553 175 168 364 249 245 222 145 247 284 70 41 225 133 388 290 135 299 182 71 217 87 212 141 196 127 71 513 129 210 122 208 121 336 384 62 124 195 161 262 190 287 221 272 142 99 196 265 215 130 117 196 498 312 229 315 347 182 296 153 62 658 545 100 209 
234.586
35000
217 373 49 94 168 191 637 225 79 103 203 98 83 588 138 127 104 153 212 231 391 179 586 203 224 424 346 296 265 369 63 123 79 306 387 392 301 100 123 40 326 112 226 67 314 260 522 196 465 91 159 340 256 299 78 189 124 186 250 129 104 55 107 237 114 290 203 229 134 373 548 223 286 81 290 263 146 113 151 176 66 74 259 271 50 65 401 184 131 33 130 417 406 236 56 353 248 170 95 136 495 242 185 53 147 431 604 477 175 147 306 419 251 207 116 219 139 188 130 190 538 178 286 189 268 205 313 125 233 221 61 130 155 162 526 233 276 267 203 110 210 149 592 218 295 206 188 153 116 229 160 448 166 211 179 158 121 471 176 83 118 145 46 215 155 58 108 92 50 151 385 366 279 191 477 194 156 315 263 464 43 389 263 276 44 127 124 166 45 320 60 657 151 204 49 343 438 156 200 81 578 451 272 373 263 62 333 378 93 229 190 195 117 226 269 131 176 512 534 356 328 218 195 133 209 232 274 171 169 84 109 235 122 499 309 343 141 359 248 146 119 326 98 128 84 192 108 278 63 183 357 174 89 237 222 299 335 114 355 133 54 238 69 170 66 110 50 227 467 326 454 150 505 159 142 243 209 182 73 151 155 139 214 126 158 138 361 53 305 150 198 263 276 359 129 160 78 257 118 137 114 96 222 289 57 117 390 281 49 139 246 115 222 369 101 333 252 291 299 199 218 125 286 186 133 246 787 414 331 461 157 119 96 615 375 49 353 167 44 106 170 292 499 198 280 249 279 84 214 437 223 243 161 238 75 218 291 210 161 247 281 232 229 153 185 60 200 41 442 176 498 188 405 113 313 88 344 184 130 199 272 194 131 70 140 238 210 366 159 360 185 278 538 280 301 122 68 364 312 159 280 274 84 182 133 326 388 153 36 264 219 522 275 218 204 478 480 213 301 850 138 416 147 201 78 189 384 218 307 237 83 130 395 415 459 337 361 111 275 355 275 136 233 319 152 46 252 142 116 563 329 184 203 403 225 463 346 60 418 237 304 691 60 86 132 238 298 97 221 444 243 460 389 141 314 166 330 204 336 356 61 100 107 234 190 138 191 300 85 503 240 186 258 562 124 260 127 430 150 58 
231.778
40000
144 89 214 103 95 171 588 251 43 349 120 209 77 143 144 703 469 185 305 208 82 233 469 260 164 145 157 124 195 351 143 143 71 424 157 88 176 113 111 215 186 107 461 128 154 155 133 192 175 157 79 201 242 313 359 62 183 202 441 90 221 172 109 102 169 243 347 356 593 205 138 293 257 181 145 429 489 196 122 64 142 181 275 180 87 200 201 111 205 80 96 313 488 142 50 293 227 288 197 175 156 444 87 168 85 141 834 340 242 549 195 129 167 502 215 369 470 354 178 200 288 426 330 181 169 112 245 397 309 452 143 110 222 332 286 378 592 248 87 154 60 296 258 80 448 234 299 269 59 303 435 334 456 76 233 428 212 130 147 186 254 198 259 153 150 90 57 196 466 405 245 201 262 230 134 57 270 231 207 96 106 217 401 54 209 87 170 214 317 55 311 120 122 322 108 38 369 192 191 91 275 63 385 252 313 361 150 227 64 282 368 78 69 401 190 508 121 138 251 89 420 200 512 81 293 308 516 226 311 586 183 222 141 223 142 172 419 92 181 156 145 105 280 105 102 191 75 117 258 234 170 150 110 280 96 108 271 234 147 140 254 312 104 479 127 187 158 196 387 223 117 166 510 226 77 171 188 181 164 116 217 94 57 63 170 60 177 97 230 130 51 488 242 203 192 134 135 225 304 111 115 148 84 246 236 85 600 230 293 80 87 266 287 218 357 229 333 519 454 200 232 90 314 374 213 316 458 148 228 150 218 146 98 375 176 266 149 209 84 335 273 485 115 355 332 196 447 290 150 195 105 277 88 140 240 75 106 135 220 146 21 130 220 238 134 103 335 201 269 187 456 70 347 217 41 237 359 343 27 238 285 143 89 388 162 92 101 260 125 119 118 220 346 99 178 407 334 187 267 167 419 193 185 417 283 377 589 254 263 322 42 221 243 432 304 455 199 411 227 411 95 196 294 277 55 208 253 135 489 235 73 140 92 189 194 142 508 197 288 327 297 196 243 228 54 140 108 505 71 593 139 197 398 304 104 317 63 92 126 164 321 285 91 108 210 120 243 191 166 203 177 55 343 140 372 364 271 117 126 253 76 54 125 72 112 142 226 111 60 94 90 326 181 367 136 194 315 138 166 390 
222.174
45000
396 396 361 241 476 178 212 126 152 780 54 378 315 273 188 317 293 140 164 297 548 387 409 305 238 677 269 363 84 363 159 277 402 485 545 157 622 69 351 415 117 108 337 136 171 198 493 210 454 441 469 151 146 332 46 146 256 535 250 192 168 258 189 45 144 320 107 325 216 387 173 348 161 378 300 223 85 81 452 296 393 241 193 163 141 157 254 155 693 332 212 524 134 572 294 147 246 255 98 644 512 254 192 139 248 118 307 295 120 194 313 131 222 210 253 352 101 138 396 53 106 151 277 242 167 253 242 106 177 427 196 138 247 213 424 327 265 135 115 199 235 144 208 223 180 154 344 242 54 83 169 352 391 109 189 248 165 260 272 113 371 152 313 169 188 117 358 88 186 427 400 143 105 73 117 116 225 173 189 144 122 50 82 225 174 233 201 261 338 414 241 378 283 171 122 168 264 369 133 275 500 106 222 596 201 107 522 416 206 292 156 204 113 202 232 112 71 64 194 364 338 79 435 205 500 492 547 180 45 220 83 198 208 180 425 202 278 115 100 284 41 196 357 151 239 135 295 170 179 189 129 319 644 68 214 148 61 384 127 186 131 120 344 148 412 99 185 413 327 776 372 463 461 236 703 215 875 310 290 116 171 91 332 72 37 98 267 207 336 120 291 257 397 646 338 188 414 116 258 159 383 154 99 364 307 164 490 223 91 421 228 208 255 325 457 183 407 124 151 296 790 33 287 163 414 146 657 82 128 406 77 65 166 131 684 149 371 138 194 295 273 296 443 47 122 244 283 517 220 350 523 400 383 336 187 392 180 230 165 308 543 268 726 279 419 194 121 141 457 566 229 118 390 360 404 161 267 538 186 274 448 424 357 68 131 153 381 135 213 229 174 287 356 447 109 64 449 218 73 416 249 84 128 46 72 340 246 206 83 322 195 257 129 95 151 208 142 352 222 189 161 304 173 79 100 138 426 225 380 102 355 281 425 78 372 179 254 245 213 150 107 93 133 165 205 485 289 158 115 100 336 239 595 349 293 210 220 79 144 127 145 198 287 185 179 155 328 91 53 569 582 224 233 253 214 358 83 88 183 37 350 109 201 30 118 189 119 63 136 55 284 484 396 107 164 202 128 139 209 156 
250.958
50000
163 158 609 481 744 96 224 143 93 499 196 304 328 363 109 168 393 93 540 468 299 214 475 381 237 238 304 284 178 623 224 226 284 134 189 299 307 53 222 289 426 374 458 368 319 316 413 298 450 270 298 265 111 107 188 101 67 505 131 67 176 134 163 106 131 424 206 172 495 712 246 453 293 87 134 599 540 264 156 603 142 140 180 110 201 272 467 278 208 69 149 481 339 346 71 314 418 126 100 358 324 247 280 467 368 130 622 171 258 355 164 206 187 241 76 492 229 205 293 501 325 188 447 124 291 297 427 170 196 432 80 150 236 137 175 162 480 64 235 230 205 359 222 174 352 102 654 229 260 160 63 400 301 280 206 315 235 248 364 168 263 164 195 116 310 82 124 218 378 298 373 676 289 101 143 155 409 281 140 104 45 335 168 135 122 114 45 153 259 284 387 340 435 340 231 54 164 295 135 59 481 342 370 91 268 104 123 483 157 438 102 261 251 134 182 61 412 98 146 382 206 294 257 187 149 192 52 192 189 453 206 185 251 601 227 127 774 154 78 93 210 267 421 225 437 166 217 117 290 540 63 690 370 259 101 117 241 365 363 298 171 68 39 280 126 95 234 212 193 467 585 341 167 493 227 176 129 494 653 547 148 371 232 145 179 113 255 238 294 85 187 169 417 256 393 278 239 224 350 197 176 175 201 199 715 89 675 476 160 631 378 100 251 238 95 190 382 189 104 336 426 608 281 233 145 153 229 138 242 468 414 173 234 161 130 224 892 189 303 317 337 194 129 289 536 206 232 382 87 289 471 160 396 362 265 632 178 185 217 100 259 157 259 255 211 284 496 246 136 239 293 614 232 157 280 157 421 222 210 270 171 360 134 310 235 106 189 438 217 87 148 279 428 663 119 362 197 430 319 212 299 318 189 629 295 189 321 109 48 217 172 205 113 204 263 86 159 175 164 375 133 189 148 211 123 188 138 243 412 327 97 242 241 176 329 182 127 300 483 318 79 453 106 189 102 164 127 96 145 520 185 127 434 474 63 248 249 212 164 105 322 238 56 278 137 167 246 225 288 209 150 68 318 168 164 253 581 174 331 241 159 139 169 203 215 134 420 145 164 334 287 366 521 312 122 80 397 197 183 229 
259.64
55000
220 408 264 109 180 214 249 246 325 188 272 98 219 292 315 407 393 167 152 431 521 286 247 263 317 255 499 75 77 55 282 246 399 178 243 150 273 38 160 173 185 273 471 195 769 400 292 174 276 424 396 314 304 434 269 488 336 147 294 178 333 70 402 172 352 278 181 224 226 348 439 383 427 189 314 418 84 343 53 166 139 263 78 226 167 258 193 39 388 368 294 96 298 307 156 294 217 130 180 319 253 226 434 69 196 154 623 137 191 472 172 448 95 360 403 298 252 220 213 521 386 206 350 388 209 333 188 166 28 175 94 210 308 307 163 147 286 183 214 327 270 158 173 65 294 150 204 62 314 357 211 57 283 200 163 676 238 117 196 119 295 328 63 114 86 38 255 199 508 168 243 327 533 123 115 328 224 137 166 283 84 42 155 64 152 226 67 244 262 293 187 291 299 424 321 318 134 127 219 342 341 623 220 220 101 384 592 323 307 211 248 239 143 197 176 221 286 759 209 418 428 181 433 208 183 192 82 130 89 194 185 849 107 194 194 520 386 219 183 528 99 215 326 543 206 264 209 259 151 34 552 179 463 267 242 255 281 150 146 317 327 46 344 160 266 210 67 231 231 152 286 115 166 172 447 113 275 142 271 201 220 220 30 210 280 167 80 314 115 55 337 341 210 407 170 369 368 132 300 385 176 99 126 383 352 233 624 290 172 609 546 275 211 36 106 291 258 76 306 544 180 566 678 287 467 326 285 318 364 302 176 238 283 326 131 90 135 57 167 290 122 24 291 484 419 213 169 216 150 364 479 422 465 401 84 602 105 99 251 174 76 139 342 141 296 331 191 205 214 262 298 67 309 253 240 89 483 185 273 252 305 89 178 214 45 237 413 265 246 297 460 271 549 245 220 108 433 797 256 450 209 170 157 286 253 398 127 193 442 237 90 90 70 283 393 277 383 303 45 285 348 224 255 107 81 177 89 233 173 298 292 320 287 341 244 216 130 258 278 91 216 162 246 130 295 336 372 772 249 168 308 175 339 222 200 293 283 399 194 123 314 278 642 366 199 535 219 263 446 144 179 195 106 316 447 63 111 469 258 180 78 250 134 144 57 301 167 65 241 411 603 295 595 130 71 395 291 101 101 222 
256.48
60000
114 447 47 214 371 134 475 253 73 284 275 510 153 162 237 381 216 107 187 184 780 180 284 161 243 144 614 342 303 313 184 232 208 194 160 204 478 74 32 131 182 271 211 291 126 355 269 298 43 656 290 583 309 363 332 376 302 149 106 258 84 138 31 204 214 104 159 171 328 249 370 206 190 163 213 311 242 408 194 116 55 229 231 40 204 147 157 137 169 103 158 260 130 396 186 379 468 182 158 380 337 98 222 175 51 160 406 224 83 287 180 289 150 319 215 129 205 334 287 292 215 201 125 248 223 341 362 250 317 160 120 113 81 202 434 230 566 168 280 188 234 96 258 84 240 457 195 377 200 169 327 125 434 295 130 865 218 158 175 222 183 214 101 228 139 235 49 168 73 449 403 337 273 229 496 234 317 609 195 212 93 234 344 65 269 124 89 532 319 290 313 682 105 428 332 218 272 207 202 300 158 227 480 483 408 152 287 212 246 188 169 248 50 338 211 327 280 207 324 321 276 189 141 344 362 158 173 99 229 134 315 120 132 122 310 169 237 163 251 440 239 140 181 87 496 124 112 337 87 144 245 726 284 293 78 462 529 174 149 357 58 155 353 193 300 48 130 149 158 223 379 198 197 93 235 119 435 138 117 208 145 237 329 314 190 150 163 272 453 238 363 269 285 202 145 263 256 336 185 192 316 448 185 332 313 131 149 315 149 85 236 133 646 488 511 176 159 305 263 348 174 351 128 184 226 117 132 105 440 318 17 226 374 184 319 94 158 69 190 683 409 143 375 85 296 213 236 310 184 311 171 322 108 204 120 329 192 316 150 283 450 147 60 236 103 262 304 292 272 330 342 846 238 71 226 224 152 349 149 677 253 304 322 245 125 89 389 450 388 465 423 444 674 208 229 177 378 246 226 110 474 217 544 168 109 348 521 166 137 143 335 206 172 279 158 222 366 365 342 521 356 154 320 470 406 148 372 163 160 298 76 443 142 388 175 196 671 139 426 141 101 365 121 75 251 223 196 302 274 480 214 539 464 258 294 63 237 345 205 189 181 218 209 283 172 263 95 146 436 190 622 386 435 34 27 415 200 365 432 182 210 40 215 86 370 60 274 128 153 202 80 373 344 383 110 283 102 337 274 387 
252.296
65000
187 156 167 427 289 356 74 242 105 141 200 100 252 197 53 840 587 445 399 411 189 223 343 378 344 192 154 303 188 675 400 393 225 819 477 301 176 311 224 363 105 135 282 480 425 474 467 261 181 256 179 209 379 511 474 177 225 331 274 145 210 117 69 349 186 64 297 704 155 236 81 66 364 145 179 165 313 284 152 186 146 98 47 235 337 203 703 175 411 103 173 222 249 149 48 299 153 333 102 309 214 128 358 441 309 206 437 84 97 133 282 190 138 299 90 170 354 303 294 245 231 190 134 459 442 256 487 238 65 577 73 65 187 432 249 134 357 369 217 423 172 253 686 66 236 447 151 342 444 421 197 223 268 212 151 667 77 298 98 90 149 88 320 279 164 199 210 99 294 128 204 227 428 192 57 115 491 413 133 137 366 67 54 176 132 200 166 397 148 42 149 114 231 88 81 135 71 338 56 232 245 464 520 286 423 304 311 188 309 103 596 182 259 585 253 722 648 420 75 175 359 377 532 369 268 216 400 54 493 206 183 270 281 814 273 364 450 152 424 114 78 236 478 185 418 150 827 396 244 158 247 192 285 467 262 354 278 307 377 119 100 63 108 87 435 340 434 109 328 82 354 571 379 205 302 207 158 254 248 206 272 175 175 75 109 352 212 141 336 111 378 466 420 206 135 98 173 337 201 562 141 247 237 332 67 70 136 195 156 461 168 268 169 230 323 300 106 182 396 279 174 215 511 206 171 503 152 357 204 693 271 82 219 501 137 125 77 204 527 222 596 294 155 44 325 322 140 451 233 436 263 659 94 557 361 610 310 116 135 122 245 199 50 108 414 111 132 223 295 95 495 299 442 308 349 377 441 280 273 262 324 83 119 181 334 186 84 94 145 249 89 601 335 130 517 161 444 437 356 445 484 410 642 363 128 196 571 207 67 266 162 96 159 146 160 264 464 180 272 129 223 349 365 77 175 601 136 137 267 654 92 267 455 337 210 504 181 132 271 197 302 543 345 263 279 544 340 179 630 487 275 233 249 399 119 387 126 151 394 143 273 140 365 197 242 458 198 174 100 248 540 178 72 205 189 357 373 201 223 200 88 223 194 61 67 263 283 217 363 386 314 160 270 318 287 382 247 423 238 238 
268.872
70000
777 281 416 92 424 306 434 285 78 249 369 170 352 361 171 76 33 209 206 250 197 179 230 207 107 708 268 275 70 626 115 109 168 198 556 394 554 150 187 335 315 271 234 121 246 235 117 332 335 299 668 129 130 365 362 97 667 371 273 289 367 148 254 97 152 245 285 217 46 181 327 432 368 113 329 360 254 220 123 38 165 251 527 228 206 117 195 66 441 327 194 334 393 448 95 467 96 401 139 633 280 99 248 168 359 191 48 156 79 217 249 222 325 49 273 279 239 232 540 415 342 144 379 432 321 201 507 212 353 329 181 223 216 103 276 137 419 306 107 193 193 360 343 63 202 329 195 200 89 380 323 380 432 285 185 280 225 192 307 266 134 234 193 292 122 130 187 219 384 228 298 287 188 213 546 257 373 449 269 189 313 538 198 62 293 38 203 650 171 194 95 360 231 229 151 271 330 494 293 347 233 392 112 115 525 175 367 312 18 540 232 309 251 478 224 344 324 510 211 249 126 180 331 406 81 119 142 275 546 80 68 38 344 90 360 135 110 361 116 342 218 331 203 161 284 269 268 174 511 279 435 361 515 155 222 405 340 38 203 220 239 331 235 158 103 198 217 162 109 213 287 379 531 156 375 430 258 209 60 369 448 138 407 169 341 115 524 197 384 219 445 194 389 256 277 445 189 116 189 163 161 467 83 378 260 121 287 256 107 294 329 525 79 427 192 450 400 516 531 487 122 627 124 193 48 398 245 335 248 276 75 376 170 369 117 329 545 417 207 285 205 465 224 236 277 388 224 610 205 163 291 288 450 213 269 231 39 85 165 153 488 508 137 309 236 282 174 275 422 111 327 265 176 299 120 74 731 201 117 65 529 247 298 121 270 132 151 409 187 747 231 375 336 247 415 389 104 400 251 222 327 627 282 115 494 285 241 95 78 298 266 150 79 351 96 95 402 450 558 278 142 234 515 397 217 151 156 220 227 175 217 377 170 385 61 322 493 117 102 260 310 89 318 100 285 326 418 473 288 580 259 435 488 136 50 228 337 164 183 177 393 473 66 86 139 280 391 274 281 181 164 270 99 117 91 338 231 70 110 461 294 166 270 145 338 134 138 259 269 165 152 215 99 58 425 83 231 476 100 241 
265.924
75000
478 137 196 466 196 425 363 241 129 404 191 317 112 311 274 413 107 324 143 471 373 196 156 572 348 191 353 290 275 582 51 211 255 351 388 314 281 110 192 32 127 340 360 144 145 140 484 308 341 537 314 112 133 161 180 304 640 153 174 133 141 146 97 633 139 86 110 195 444 597 93 34 51 169 167 448 248 79 536 471 476 115 329 263 288 215 245 75 253 463 288 315 115 214 283 367 59 308 446 149 220 409 150 214 297 73 171 175 190 272 196 584 218 441 72 335 95 150 249 81 153 267 134 275 137 445 370 116 434 235 244 457 885 652 863 318 278 351 145 58 144 172 293 284 364 187 291 299 209 501 238 650 341 154 105 134 282 327 245 371 106 343 501 204 305 372 381 303 269 244 518 357 413 448 273 239 407 193 205 211 335 458 265 194 291 133 176 236 184 184 147 585 385 140 334 231 191 154 114 288 412 88 133 149 181 153 212 298 92 318 267 265 195 219 277 119 452 238 230 292 372 575 309 111 307 49 399 222 504 313 417 63 149 315 140 207 204 119 78 355 347 345 96 488 148 259 273 354 138 321 350 459 589 246 278 470 602 304 445 326 164 291 187 370 123 313 181 81 205 421 339 166 132 456 329 184 703 103 45 160 182 374 311 266 188 301 165 66 160 157 361 276 108 247 147 112 520 155 319 140 205 293 341 244 280 58 264 202 116 458 334 192 381 211 17 383 281 254 164 471 250 525 539 94 71 196 272 47 417 505 44 475 338 295 166 188 401 266 318 373 112 203 569 64 225 95 258 172 408 202 419 569 211 875 399 76 176 544 200 123 370 263 479 214 355 619 48 394 300 352 496 190 375 181 140 189 290 398 191 167 294 41 218 107 258 99 144 107 283 150 54 116 258 608 140 331 536 137 294 220 155 358 115 343 67 212 212 302 46 95 421 94 152 176 130 414 234 69 128 251 216 99 149 422 123 498 80 360 329 365 99 327 541 294 150 313 199 332 167 344 401 128 496 81 555 71 197 38 379 118 119 949 122 247 166 573 238 168 170 90 69 97 495 320 183 298 173 193 226 334 649 338 268 202 312 363 290 518 410 200 190 300 105 181 108 80 202 584 111 77 198 540 286 274 167 332 339 84 439 104 
267.242
80000
207 152 238 728 125 259 416 163 85 296 78 170 128 368 386 568 579 301 415 361 373 586 155 227 627 453 216 269 115 475 134 110 191 100 436 303 226 143 363 305 283 480 128 202 137 118 341 151 413 346 208 219 573 31 316 433 362 348 193 256 328 188 143 155 233 286 76 197 363 216 272 208 193 125 405 248 140 194 241 410 86 111 176 150 234 92 309 170 111 450 235 820 456 376 187 358 231 185 81 171 230 186 85 271 273 378 184 120 111 150 148 142 92 522 477 507 478 255 310 266 296 845 325 279 292 382 300 338 490 304 140 126 404 187 132 319 346 183 235 170 58 370 545 264 290 248 129 329 343 201 411 151 268 366 101 55 112 50 201 99 602 227 243 357 141 210 191 123 458 295 380 222 365 75 138 93 763 651 86 77 307 216 297 229 128 202 367 408 214 239 314 489 422 442 67 366 253 168 305 139 166 598 229 247 272 422 203 349 201 240 142 243 101 185 75 391 507 289 551 293 418 361 213 58 187 58 180 331 612 566 317 361 371 404 119 292 178 313 248 82 377 149 120 231 172 78 218 120 317 289 402 191 234 96 146 149 265 201 218 45 140 332 389 77 135 240 92 284 197 212 390 50 271 79 229 157 257 618 119 252 290 122 256 268 224 198 260 261 354 127 213 137 567 377 156 91 384 199 245 100 433 232 78 498 143 125 885 70 329 616 122 795 502 178 234 400 365 134 417 244 74 386 145 426 247 338 110 538 166 240 252 416 253 806 211 445 429 44 317 258 221 338 430 186 292 481 484 141 215 191 77 128 308 497 407 229 200 93 201 128 547 220 278 85 140 304 138 409 495 125 445 156 54 231 219 188 201 182 202 367 230 132 156 127 92 312 315 146 374 295 129 547 260 449 144 294 383 227 92 76 603 232 391 612 418 229 452 129 121 504 302 320 422 267 365 331 106 113 326 141 111 164 212 221 358 260 430 284 901 618 107 658 198 219 479 213 128 222 405 323 475 202 226 185 203 248 302 58 360 198 479 654 420 308 135 412 65 241 237 375 183 103 27 238 24 400 148 52 168 358 445 196 178 220 339 266 526 440 379 332 121 140 360 297 405 200 84 260 217 389 47 250 502 183 139 161 380 625 327 80 
271.274
85000
115 250 180 297 417 419 361 210 93 230 200 387 214 126 414 183 254 271 134 360 170 175 319 249 243 234 232 134 427 125 174 128 89 262 205 697 314 503 146 323 282 398 607 358 527 192 110 263 281 327 279 223 356 147 241 238 181 269 135 340 147 188 88 358 295 62 166 230 231 247 114 153 365 235 269 78 570 413 152 251 333 171 92 231 50 114 146 256 102 265 157 177 70 82 113 213 150 457 150 264 436 165 218 198 172 258 501 61 172 463 95 62 201 148 112 458 566 337 393 134 331 388 279 152 75 190 172 526 121 175 255 137 283 259 49 328 482 69 328 322 237 228 74 321 334 385 212 335 142 139 128 194 283 223 363 215 115 94 314 210 172 409 135 195 381 100 189 450 554 603 407 224 480 151 286 286 125 138 121 133 143 193 506 144 152 308 242 90 223 344 191 95 238 508 359 155 227 456 140 193 338 264 135 299 242 77 200 99 155 129 291 149 141 359 296 154 431 178 260 279 145 433 113 418 172 231 315 184 278 232 138 616 335 83 155 536 541 275 109 346 726 221 530 212 480 93 309 150 254 284 458 540 346 479 262 335 188 71 115 233 193 116 189 170 112 421 345 49 230 235 571 91 405 192 517 488 55 418 149 119 20 61 90 134 86 138 136 240 81 380 209 265 161 253 107 19 241 140 195 116 445 213 106 229 281 275 507 202 55 454 221 367 136 290 267 474 181 203 625 493 614 291 350 103 209 330 469 184 238 382 158 156 104 261 754 189 351 569 300 383 169 280 327 96 174 467 217 462 72 351 199 280 226 199 161 334 96 215 161 247 304 148 618 153 104 65 513 129 500 276 237 535 401 192 280 403 573 247 158 116 237 30 303 141 34 108 56 288 220 188 326 238 356 254 120 356 191 84 385 284 156 221 195 235 140 122 469 55 223 220 174 456 148 468 171 464 221 299 493 91 131 241 231 151 243 200 171 211 284 281 198 449 411 590 243 255 146 289 295 170 56 155 348 267 102 534 391 534 153 202 275 480 87 317 253 389 372 266 76 161 152 348 154 147 72 320 160 96 123 214 415 76 306 201 392 290 230 222 109 261 199 163 322 217 168 186 186 200 199 135 159 462 258 444 293 293 356 479 272 112 
252.326
90000
846 354 254 276 757 305 396 171 116 273 126 140 121 134 324 425 163 624 334 126 385 312 152 625 211 354 417 68 272 302 68 337 377 155 323 406 336 96 220 113 359 599 663 186 421 196 131 407 335 325 133 128 181 77 431 488 281 180 200 237 361 140 211 131 268 206 112 216 703 194 40 322 493 338 193 365 379 266 152 175 179 713 66 106 128 79 500 453 193 383 138 612 288 549 118 199 151 184 303 93 281 118 153 119 353 41 130 313 210 125 165 203 141 243 86 621 201 228 94 197 259 31 205 427 204 249 108 97 98 601 313 260 269 615 361 511 814 211 106 473 127 36 291 176 432 249 469 165 58 611 344 273 423 71 210 282 615 186 218 177 166 254 335 147 163 59 344 368 532 551 652 330 282 229 500 200 177 296 214 233 244 185 96 205 176 285 152 69 196 218 247 140 347 397 230 356 275 150 692 349 496 371 159 107 228 240 158 316 199 107 111 274 297 172 168 295 352 207 153 127 578 489 230 82 388 256 733 398 633 357 352 160 283 625 416 96 218 227 234 203 256 361 490 472 192 103 242 307 91 308 212 389 218 140 273 801 164 404 129 265 192 108 270 140 375 620 398 85 283 536 328 357 456 153 277 409 208 148 323 92 158 99 284 102 32 313 157 246 286 103 344 415 167 509 120 241 362 172 153 157 533 92 541 428 137 169 198 256 81 174 322 228 84 208 372 332 510 374 102 231 264 258 236 476 290 209 267 63 63 228 229 144 248 119 294 615 370 62 199 355 330 196 699 510 274 272 79 401 193 556 192 367 164 312 166 241 164 69 343 100 261 253 308 176 351 277 182 131 205 500 527 212 343 387 124 181 228 77 306 325 194 322 353 74 266 118 278 214 86 263 189 286 196 272 102 201 408 344 190 307 208 340 322 333 310 147 834 180 70 316 168 150 176 206 453 223 336 212 320 152 211 819 95 782 298 262 513 183 166 418 82 360 206 272 380 192 733 46 247 282 245 228 223 363 453 223 338 141 204 509 381 598 317 403 136 187 327 378 264 46 243 126 116 94 250 188 198 215 161 308 309 213 259 214 121 784 283 183 75 347 291 497 265 86 135 54 352 606 168 184 148 255 544 309 317 69 487 653 136 219 
274.13
95000
311 169 399 153 807 248 556 174 94 199 392 128 319 226 408 264 769 486 366 151 154 676 202 153 150 140 273 122 409 112 158 222 142 332 332 161 204 212 209 109 183 456 539 373 281 425 193 323 146 363 175 150 197 41 381 212 329 452 230 120 289 198 215 146 500 179 441 120 172 92 140 178 139 83 209 154 567 189 544 173 399 54 247 107 118 169 439 143 463 142 216 167 1021 152 176 258 265 307 386 628 204 187 404 285 530 197 356 449 201 292 106 269 319 465 576 406 397 385 270 120 385 84 215 249 76 258 411 188 278 136 76 307 349 306 279 215 157 141 234 352 428 334 444 269 322 269 420 248 381 280 189 144 474 316 69 342 187 387 131 320 75 225 214 342 125 128 397 138 105 316 331 201 502 104 304 366 242 537 124 137 60 270 314 404 261 219 146 275 121 137 147 211 132 264 669 246 101 150 141 397 33 560 297 552 122 488 353 228 57 306 439 76 69 210 150 137 190 505 876 504 166 221 215 424 304 605 117 149 420 289 117 331 209 524 232 274 433 121 264 431 274 174 79 236 182 476 174 119 218 168 252 40 350 210 159 444 61 148 172 229 140 134 320 34 100 104 115 240 156 162 748 117 286 168 185 162 362 203 37 328 168 138 318 235 148 111 532 183 62 173 394 316 142 339 291 635 82 154 255 160 382 316 589 159 180 310 45 145 93 301 174 196 143 52 431 279 302 152 486 290 297 198 45 288 351 372 468 273 486 174 347 270 317 334 164 237 192 147 217 386 150 271 165 275 145 217 214 140 166 135 359 437 175 223 238 129 237 256 120 29 246 41 77 312 148 213 243 123 482 168 698 308 143 98 151 100 310 309 317 228 363 222 80 181 199 180 183 173 349 322 256 404 524 198 200 726 358 156 300 206 426 362 271 200 555 271 379 200 144 366 413 191 285 487 89 275 611 406 383 132 253 167 201 157 269 408 436 520 430 294 153 280 257 970 81 403 214 300 248 234 243 94 402 117 457 371 361 229 119 352 396 230 299 196 157 165 208 157 238 165 68 651 162 504 61 223 254 65 184 102 252 158 170 154 354 556 480 358 135 206 294 518 162 557 214 144 529 224 159 299 99 577 171 339 167 234 391 203 313 176 
264.998
100000
545 108 461 324 305 192 603 516 163 547 134 276 317 349 686 170 156 173 240 91 599 363 279 456 289 65 264 438 241 93 289 419 222 68 324 353 309 417 351 187 206 173 428 575 276 63 293 415 407 499 104 209 533 279 354 478 279 416 631 60 543 458 192 302 272 208 200 272 247 149 221 204 356 83 223 255 373 117 246 264 249 486 212 105 162 288 429 248 500 397 387 56 229 348 321 419 295 177 415 335 271 137 260 203 480 110 316 413 297 299 296 56 271 222 368 242 297 170 432 218 346 370 91 301 47 538 117 305 238 380 134 70 84 205 212 343 113 312 131 257 96 525 574 109 263 115 298 326 253 308 391 775 155 103 136 228 137 55 293 311 129 227 492 382 317 302 168 202 485 229 481 82 291 164 364 274 257 210 162 298 158 316 196 196 160 101 191 259 156 231 482 206 262 413 192 399 386 393 175 183 271 318 428 229 52 197 61 142 64 280 293 316 278 379 269 542 139 281 253 341 141 109 297 377 500 256 444 153 345 349 145 61 176 154 452 304 119 383 300 231 298 395 233 270 214 104 330 184 313 342 289 243 315 471 76 210 311 195 220 448 237 312 314 195 234 253 50 429 132 129 587 444 349 147 595 470 173 376 117 301 574 452 152 75 145 331 320 372 709 244 449 235 186 576 356 374 325 576 191 124 293 145 152 136 140 92 330 307 118 368 157 223 150 180 174 304 427 178 488 572 480 493 126 249 128 289 381 291 86 472 160 183 140 178 354 338 288 102 124 433 257 625 89 164 166 118 188 327 576 185 504 88 220 86 59 133 234 161 252 334 433 246 455 105 201 341 276 306 505 277 421 212 260 110 489 289 266 206 124 93 319 221 583 162 333 208 443 395 244 297 239 157 503 536 95 343 285 373 390 167 339 30 344 199 357 188 270 323 295 108 208 103 124 99 378 270 213 101 498 78 358 335 190 335 384 181 468 213 217 150 100 346 53 432 82 64 144 145 426 332 261 332 655 158 735 258 189 323 141 285 245 256 500 405 192 653 132 220 232 141 345 434 551 280 151 176 160 225 226 375 239 223 263 269 553 324 409 183 158 230 143 450 188 191 133 141 399 420 230 343 96 163 341 165 371 418 229 227 309 203 
276.814
