500
50 18 19 29 24 30 34 29 36 22 30 50 20 30 41 39 35 31 75 16 58 51 18 60 26 36 21 24 16 37 39 41 30 32 14 20 30 28 41 19 64 25 15 16 20 56 33 11 43 40 29 29 27 16 40 26 28 15 33 35 43 22 35 67 49 41 31 47 41 43 36 21 20 73 48 17 24 71 36 21 27 30 25 48 34 32 31 41 35 38 47 36 39 70 34 18 47 53 45 17 46 28 26 11 30 21 18 39 37 41 41 29 30 43 39 19 58 66 24 46 14 55 23 49 14 36 37 14 40 47 23 58 20 40 15 26 41 13 57 17 42 15 11 38 71 51 27 17 39 27 29 24 26 21 14 21 42 23 18 15 22 56 23 34 12 39 36 39 32 33 20 50 18 25 70 20 42 46 23 29 9 49 26 20 41 42 79 32 14 22 26 13 29 36 31 19 57 40 41 21 65 25 19 43 58 33 32 26 44 27 46 55 30 31 47 41 38 30 42 35 28 45 34 26 30 31 63 13 43 38 21 25 59 23 35 85 14 57 101 33 38 15 41 35 27 22 23 20 45 31 31 32 23 36 28 37 20 20 34 28 41 18 21 57 31 35 18 38 41 47 33 25 16 19 33 32 24 28 23 37 28 16 30 35 11 44 29 44 17 16 45 47 25 41 76 36 41 31 12 29 28 45 45 42 25 24 11 29 41 18 62 44 29 61 33 71 47 38 30 16 79 18 21 11 43 31 45 42 25 81 41 38 27 36 62 12 13 20 50 20 62 34 30 45 46 24 24 18 22 25 49 16 29 28 14 53 73 28 27 60 38 13 40 23 57 26 43 43 37 39 17 36 28 46 17 33 27 20 36 56 37 8 47 51 13 14 26 16 11 27 64 43 58 19 29 85 22 77 16 15 23 15 55 90 29 13 20 51 15 43 54 70 30 24 68 40 54 58 51 28 39 73 28 23 23 42 39 23 28 60 46 115 21 23 13 22 24 66 60 31 40 61 48 42 50 18 55 22 45 44 17 38 35 36 39 34 24 16 57 44 25 16 42 81 56 24 49 15 18 29 28 20 49 47 22 36 58 40 36 18 58 28 52 41 77 8 41 27 34 24 20 51 43 20 31 50 66 63 49 16 
34.99
5000
78 33 19 30 31 39 25 42 147 58 53 113 60 44 52 65 47 44 59 33 37 15 76 123 82 82 108 55 18 23 70 80 24 70 30 28 59 36 30 61 77 30 75 54 66 119 44 20 60 28 47 50 18 57 28 39 49 26 23 38 94 34 32 39 25 41 31 49 31 43 56 42 48 40 27 24 20 70 85 57 54 68 110 25 96 101 37 29 47 43 103 45 42 35 92 13 28 50 22 34 68 107 72 75 82 40 22 51 64 66 122 80 34 44 57 34 67 75 47 22 26 44 39 42 73 26 28 54 31 111 33 49 78 78 51 106 35 28 36 36 27 30 47 61 23 44 49 34 41 67 47 24 102 111 41 44 50 15 49 26 25 59 67 31 99 41 45 47 48 41 65 63 27 62 38 54 40 86 97 18 59 51 80 56 33 20 78 90 59 63 49 121 41 102 55 35 55 21 28 36 79 47 37 47 95 46 56 53 138 49 56 26 90 42 118 81 40 117 49 71 43 90 21 67 98 42 67 40 35 48 46 66 27 24 51 102 62 44 74 93 41 104 33 57 61 99 79 38 28 60 38 42 74 82 31 66 23 49 27 29 25 83 46 74 50 75 82 41 46 29 50 45 61 135 38 32 43 39 75 59 23 31 51 75 32 36 33 88 26 26 83 48 69 38 37 22 54 25 23 26 90 109 49 111 64 15 20 15 119 57 24 31 59 70 42 41 26 58 40 86 52 40 23 80 57 50 26 80 20 72 37 81 108 88 32 146 75 65 78 52 17 64 33 35 37 59 50 43 30 89 33 20 40 91 61 63 70 36 15 33 54 31 107 138 63 57 36 65 44 67 63 31 28 34 55 77 41 99 75 60 33 31 134 97 63 85 86 133 66 40 53 42 104 35 36 38 77 49 60 50 32 29 26 70 139 82 23 22 38 122 42 89 48 62 122 53 127 20 27 87 50 41 40 49 97 46 63 85 38 17 102 64 42 35 27 78 54 54 32 18 70 22 61 50 49 59 42 36 84 45 32 32 76 89 68 50 61 89 18 33 42 55 88 50 36 49 120 97 46 56 70 80 38 83 73 65 47 54 45 30 87 49 54 66 21 86 56 37 32 59 111 34 98 66 64 54 56 27 81 66 
55.162
10000
35 72 29 50 114 19 95 109 83 33 39 37 22 32 56 72 51 70 31 45 20 77 77 51 70 84 25 46 13 67 41 139 123 69 34 35 81 62 83 59 35 70 33 38 27 59 69 28 34 93 81 165 47 146 38 24 29 46 70 51 108 62 23 45 81 85 39 46 51 72 58 52 50 100 32 27 54 103 117 38 26 30 69 38 35 96 122 73 77 50 50 47 51 33 55 48 81 61 22 71 79 82 58 29 91 53 52 41 84 42 36 135 66 45 121 52 48 93 43 72 74 88 71 57 54 160 91 100 25 118 24 51 98 27 42 55 78 55 41 72 57 49 62 26 55 25 53 15 48 60 73 47 60 91 21 199 98 24 57 22 25 29 167 35 51 36 37 128 42 43 55 70 84 131 81 192 23 94 61 70 28 70 96 45 67 80 26 89 115 90 49 87 16 31 58 35 93 95 21 95 62 135 42 40 31 95 67 121 23 31 113 57 48 42 38 71 61 52 33 50 66 28 45 66 35 111 49 50 106 45 69 87 51 55 74 84 57 33 53 21 57 65 63 23 24 81 53 27 79 41 56 33 69 106 23 140 59 58 70 94 59 62 38 103 46 172 62 20 70 44 48 47 45 49 41 81 53 95 85 64 75 90 70 104 76 64 48 48 28 28 97 67 80 96 35 42 82 27 66 46 55 125 131 42 67 28 49 26 140 112 39 25 194 64 73 79 66 79 42 76 36 26 28 74 64 68 23 53 43 136 86 73 24 81 97 82 74 57 86 53 22 49 42 29 144 155 100 25 25 42 70 62 43 109 28 36 63 43 43 71 62 47 137 25 22 92 46 118 53 44 121 53 63 81 52 81 39 36 70 89 57 68 127 105 44 81 59 64 40 38 44 85 123 20 46 28 35 130 88 66 31 53 50 35 44 36 57 100 53 35 98 27 24 47 48 55 58 44 112 72 34 21 46 31 28 32 31 46 26 147 31 190 44 50 23 38 52 75 72 66 26 49 21 105 56 45 47 76 24 37 73 90 35 29 73 64 52 73 45 48 96 31 62 97 37 35 21 61 102 54 43 25 38 60 61 56 39 57 77 131 56 34 60 53 30 39 103 25 47 31 43 37 98 103 99 57 48 121 150 18 
61.976
15000
62 116 36 83 37 50 57 60 44 106 68 109 52 70 85 126 35 61 56 58 42 76 60 107 64 51 85 50 104 86 81 121 77 113 71 59 64 100 40 49 93 146 28 35 59 33 102 68 131 49 69 31 67 67 16 62 29 55 52 58 28 76 81 79 39 122 32 90 88 58 99 106 33 131 91 182 82 41 40 68 58 57 112 33 22 40 58 89 45 59 51 128 198 45 47 89 62 55 68 81 100 38 36 45 138 50 38 30 63 77 29 122 81 48 119 79 29 33 84 35 111 95 62 62 127 35 67 90 106 83 82 34 55 58 25 36 39 123 21 71 100 39 36 46 108 15 70 113 81 86 33 38 161 42 73 43 48 58 125 87 155 42 88 109 140 115 97 41 173 34 94 109 34 71 26 67 72 45 54 72 36 64 32 95 78 56 31 61 49 41 31 22 103 73 39 42 47 95 73 95 68 46 40 20 79 46 96 27 37 32 53 42 44 82 43 16 81 31 108 59 39 22 115 34 26 81 84 39 97 40 38 36 69 28 54 47 54 82 74 57 86 32 61 19 25 52 26 31 32 38 100 92 41 33 60 83 85 25 100 66 99 64 76 38 100 33 77 60 22 56 33 87 91 37 40 82 26 24 41 16 151 155 83 114 102 38 53 61 121 27 37 35 95 85 27 72 27 94 93 76 134 84 89 132 38 45 26 62 70 30 51 124 191 47 27 26 42 50 80 63 42 120 45 53 46 77 48 61 30 95 118 77 59 69 81 65 27 63 91 35 101 49 57 49 136 44 58 53 43 41 128 63 92 40 22 76 43 31 35 39 45 41 53 120 35 35 104 49 37 98 80 48 53 33 62 40 57 41 42 27 101 38 147 118 47 32 123 46 59 87 39 41 26 50 46 42 63 59 35 75 68 36 45 82 58 112 66 39 64 95 33 192 21 28 48 61 46 52 25 51 52 134 34 65 59 126 42 106 28 40 58 87 73 204 24 40 82 26 46 42 51 49 77 29 58 57 86 33 62 32 95 104 91 40 49 92 20 42 58 23 96 18 61 53 83 46 76 88 54 80 51 46 42 115 51 49 61 35 103 39 80 17 130 89 35 64 75 74 29 51 49 47 138 60 47 27 30 30 54 45 
64.574
20000
63 219 85 96 68 29 50 128 70 31 41 86 117 33 60 103 94 75 96 120 31 120 146 63 145 37 250 22 58 57 81 62 54 138 126 101 63 40 73 32 115 70 60 48 315 54 56 31 51 104 101 33 62 105 103 97 115 52 49 60 185 68 38 65 68 58 51 130 174 55 82 52 65 161 70 50 141 106 49 163 39 66 156 105 37 81 48 86 44 46 86 37 89 61 67 130 47 48 79 41 69 45 84 143 32 30 32 50 22 42 51 35 62 133 81 187 43 123 26 28 58 38 154 107 113 24 48 68 44 49 47 55 49 81 34 86 69 52 88 46 122 39 52 41 39 92 29 84 119 68 15 28 26 132 41 48 115 48 38 101 44 54 35 66 57 69 102 95 45 71 52 142 23 133 68 51 25 136 80 37 54 106 191 76 44 32 23 59 33 41 131 74 103 95 33 42 109 91 96 76 95 68 54 98 72 147 112 78 114 82 36 106 59 40 104 57 31 55 108 121 22 55 23 144 58 67 54 96 27 78 64 127 75 57 115 42 123 30 47 32 54 37 106 144 56 29 71 80 175 55 85 25 74 48 125 33 66 72 163 103 30 45 34 67 31 53 37 30 181 23 128 66 82 81 94 79 33 157 54 43 58 34 94 54 78 44 54 75 43 68 44 43 66 46 46 64 54 134 102 52 44 64 21 41 189 94 114 71 32 74 50 68 102 93 60 32 75 72 161 48 54 54 102 45 84 117 36 58 69 73 104 69 63 151 65 47 31 93 67 23 102 62 202 36 73 58 99 36 61 69 64 77 104 44 84 85 128 26 11 119 43 220 76 175 86 105 49 70 123 57 47 24 20 61 116 45 34 32 114 51 45 63 87 28 105 135 84 60 22 75 40 113 198 31 25 114 90 47 59 95 59 121 88 93 71 54 70 80 64 54 74 41 92 51 69 69 124 59 60 78 56 63 109 63 112 122 61 95 58 41 110 53 93 42 43 124 65 63 79 56 100 65 32 74 34 96 55 44 117 118 37 43 161 118 72 133 54 127 30 80 153 130 43 97 55 45 88 31 52 66 55 126 121 35 57 14 70 95 59 83 14 71 39 51 71 101 30 67 19 61 68 136 74 49 120 190 161 80 36 97 
74.67
25000
68 52 26 88 118 79 59 115 103 63 79 42 60 52 88 75 98 44 71 42 27 93 102 61 91 35 47 44 37 52 46 74 99 85 38 53 25 107 50 23 116 30 65 52 47 96 127 65 93 92 77 74 53 68 38 65 94 85 34 48 38 25 47 91 171 22 117 31 131 109 93 62 167 78 30 67 61 42 58 93 91 33 124 169 77 105 80 42 56 26 71 51 38 62 42 35 56 62 86 39 82 54 116 47 214 188 70 42 77 56 74 89 77 81 47 45 83 132 71 57 26 44 29 106 26 94 55 42 74 72 211 78 108 97 100 168 35 93 117 56 36 57 105 70 68 90 98 46 35 93 74 181 106 132 30 42 52 67 92 48 49 239 146 32 34 119 46 163 61 55 63 21 46 43 200 112 25 75 64 89 91 58 48 71 240 246 64 69 50 50 38 84 45 74 44 38 73 79 46 34 73 49 302 66 63 61 25 118 17 80 34 62 93 54 33 67 108 25 89 65 66 256 42 102 33 60 67 47 39 58 53 84 149 108 165 37 86 51 48 99 34 141 69 19 32 126 36 125 34 46 111 68 47 136 64 80 33 125 33 104 69 51 56 195 62 78 95 39 51 47 23 90 81 110 26 34 156 36 48 59 201 153 72 94 296 17 23 50 133 157 90 106 32 103 80 20 26 43 42 36 30 68 31 53 32 73 33 29 101 61 88 41 64 61 91 42 56 40 103 63 68 43 87 87 54 84 64 46 66 44 98 137 60 70 48 100 100 49 57 112 38 67 49 67 50 46 88 48 99 120 43 48 59 38 46 57 102 74 115 46 99 35 79 40 57 93 57 49 75 67 29 71 52 43 27 80 42 76 56 36 107 80 62 123 51 94 108 133 61 50 71 54 65 93 37 53 34 31 55 58 52 35 119 24 27 61 49 85 33 114 128 34 45 31 109 46 46 86 103 100 107 31 70 93 147 46 59 57 19 28 34 38 69 31 46 44 67 67 48 34 81 22 35 48 48 55 61 47 45 110 84 23 79 55 64 50 57 29 31 39 30 49 46 88 42 46 44 52 48 94 76 51 89 43 59 84 20 80 32 65 33 98 24 84 86 75 48 110 88 85 35 47 51 99 107 51 40 35 33 20 
70.386
30000
208 83 108 26 54 23 52 19 220 261 72 21 92 152 78 55 55 50 66 80 218 39 29 117 171 55 65 102 19 92 19 56 28 22 69 60 31 36 22 40 62 36 54 93 141 88 49 48 44 90 123 66 88 110 104 52 128 86 73 111 55 61 46 109 120 71 151 79 58 86 105 46 75 81 49 80 54 58 49 111 53 32 40 68 138 72 46 37 89 68 42 124 49 90 179 78 115 29 66 152 72 41 32 99 27 65 121 36 103 35 65 59 70 92 45 129 77 47 88 44 75 19 117 31 133 113 61 141 91 57 42 95 60 61 23 42 114 101 56 69 81 33 33 87 76 66 88 36 117 108 35 135 197 82 108 60 57 81 63 33 168 105 61 115 46 91 109 177 72 38 47 105 38 64 53 53 58 70 163 42 39 31 27 83 25 54 96 66 117 90 124 71 68 73 27 44 70 140 97 43 51 88 21 94 78 68 35 106 35 106 57 51 62 118 74 114 75 94 27 41 44 36 70 40 126 33 61 61 46 116 27 106 72 34 84 57 55 143 64 31 91 29 76 45 37 70 194 36 135 106 68 85 82 107 82 35 45 26 64 35 107 48 58 57 88 29 75 64 55 47 94 41 53 73 40 114 21 132 94 21 31 70 89 72 30 36 111 42 106 45 107 35 89 23 104 50 41 153 49 72 89 49 34 60 54 30 35 82 54 56 128 85 34 176 61 27 39 42 100 229 27 55 72 198 44 51 71 72 61 51 35 23 98 71 32 22 41 58 105 105 65 136 94 107 120 74 61 21 48 211 37 116 44 40 28 54 140 37 45 186 62 60 78 65 80 115 273 22 36 134 65 81 43 25 35 48 20 226 50 34 68 77 82 56 46 77 54 94 51 39 21 35 51 73 83 53 174 30 117 64 44 122 152 41 86 19 38 38 71 71 122 50 70 71 54 39 191 62 88 59 62 119 45 71 39 34 100 66 19 52 49 78 88 95 98 93 60 35 46 108 51 57 45 121 35 187 89 88 59 63 33 75 39 35 91 47 107 136 19 68 57 61 29 66 37 81 29 110 41 58 91 50 133 50 35 37 56 72 94 103 75 56 99 142 63 64 133 103 74 88 124 30 124 56 161 36 83 56 41 76 
73.404
35000
153 83 98 50 104 39 58 60 71 96 73 25 26 23 47 91 81 83 89 31 80 94 80 61 118 47 38 61 50 63 29 27 132 54 55 57 143 112 70 98 120 77 181 73 121 114 198 48 165 102 144 32 100 124 64 132 26 78 42 222 40 105 116 26 48 24 101 74 96 38 44 76 145 98 20 162 45 61 46 223 33 48 79 50 92 33 86 98 76 109 42 54 135 50 38 161 47 61 40 171 112 106 28 89 82 56 72 29 144 69 39 39 29 129 90 178 138 86 65 54 48 90 151 58 67 59 89 61 49 178 30 154 33 49 61 45 118 44 85 157 54 109 158 59 42 82 53 97 24 54 86 41 89 60 44 131 74 48 33 116 61 123 36 95 74 47 67 43 35 44 35 190 58 77 56 92 78 90 119 148 35 148 98 101 22 29 63 46 55 40 68 128 27 59 61 63 91 161 27 65 59 58 68 65 39 105 52 42 62 79 81 37 75 46 168 55 60 115 94 30 42 73 33 33 207 95 34 68 25 40 44 81 76 60 75 40 46 29 46 116 44 73 76 88 54 115 101 89 43 76 50 62 54 24 35 104 57 79 62 63 43 94 27 49 140 36 38 84 68 52 130 63 27 74 58 60 46 53 23 37 158 37 81 64 93 71 101 161 48 49 52 48 140 78 52 62 39 45 36 39 95 40 67 168 112 30 71 78 158 92 224 96 92 146 152 50 45 152 75 53 40 42 70 88 84 114 34 18 29 23 143 35 118 77 22 156 38 35 42 38 52 54 135 27 175 47 91 49 59 75 33 75 161 113 33 146 165 23 104 66 55 81 29 100 173 78 42 67 62 110 97 94 44 60 135 25 30 153 199 97 33 43 154 76 70 55 79 88 68 103 202 85 106 77 114 79 69 143 93 69 70 74 75 118 71 86 27 44 66 53 38 156 68 66 103 238 55 110 47 75 122 28 142 47 63 31 49 61 21 62 277 96 130 70 22 118 41 44 64 35 21 62 64 19 59 210 82 97 147 39 61 51 32 42 67 25 42 39 100 64 41 87 42 77 48 38 169 45 48 73 75 78 111 75 66 69 67 115 86 24 62 56 55 52 90 153 41 95 26 41 133 115 52 69 103 60 163 82 25 41 
76.654
40000
37 85 285 33 84 26 91 101 28 78 88 122 73 67 28 55 51 59 115 63 43 90 57 86 125 122 37 48 42 55 48 59 29 133 39 39 167 46 49 104 83 36 55 108 85 68 32 136 65 57 35 106 42 20 113 125 71 115 42 179 47 149 61 55 54 43 42 62 115 123 35 76 198 27 95 117 48 129 71 104 75 50 49 57 39 26 56 86 50 103 90 64 125 115 107 157 79 51 55 51 127 38 23 58 145 207 58 145 52 40 102 60 68 159 81 51 57 31 60 79 41 97 25 54 34 98 84 40 89 43 53 72 102 33 135 34 50 71 139 58 85 31 47 64 90 92 98 22 33 132 59 28 28 40 62 45 80 64 34 82 37 240 34 141 104 52 40 67 21 68 163 23 63 34 57 85 39 179 219 76 66 80 49 139 46 106 136 93 36 64 59 61 73 27 60 144 33 129 87 29 51 91 98 96 175 95 64 76 47 77 61 47 65 49 93 102 43 80 38 181 83 45 68 170 31 114 31 69 64 58 37 47 106 91 41 127 158 33 63 58 65 101 82 81 92 26 32 39 87 51 56 55 34 37 59 37 74 23 47 115 66 76 71 48 78 22 131 42 93 107 34 105 96 105 119 100 17 57 71 74 65 78 27 54 84 33 104 54 58 49 88 57 96 31 34 68 39 56 83 59 55 84 58 26 68 67 107 94 56 163 82 67 92 50 64 164 21 62 69 28 63 64 47 71 59 71 53 113 37 41 96 77 76 55 53 47 200 76 139 127 95 137 103 103 61 55 57 32 154 113 47 88 85 74 39 70 90 28 59 39 53 106 108 54 53 167 73 95 178 53 27 40 55 93 52 41 132 66 78 28 58 69 59 110 86 48 59 52 105 31 28 25 56 52 23 49 77 92 106 38 84 18 49 74 45 121 75 72 69 62 52 193 42 59 81 23 89 74 39 72 49 133 38 38 146 76 25 84 51 75 36 118 84 108 119 30 37 91 104 75 53 84 186 126 68 55 57 119 69 57 112 103 68 36 48 28 69 216 25 67 111 50 86 68 44 65 53 31 57 54 99 20 76 127 44 47 323 41 31 81 224 48 56 62 103 49 68 89 28 56 54 130 56 27 78 70 59 56 89 59 
74.16
45000
202 68 67 50 55 43 30 34 27 32 187 38 69 56 36 35 50 123 62 86 57 62 151 32 77 40 45 60 63 47 78 98 52 200 122 70 78 88 58 90 161 164 79 35 46 27 151 106 83 72 166 87 88 54 38 64 63 36 39 63 80 52 86 68 31 227 86 214 56 106 56 59 71 80 138 48 93 77 69 68 91 21 151 73 96 162 159 25 23 110 186 71 120 76 37 55 86 43 44 50 42 40 66 50 50 80 70 28 123 32 173 69 132 56 163 119 78 106 137 44 64 79 84 81 85 96 31 40 71 81 66 60 109 37 35 192 61 70 81 186 68 63 61 141 24 87 53 36 131 159 52 55 31 56 67 36 61 69 148 46 27 62 68 97 33 102 35 27 70 75 37 33 37 59 24 48 29 28 50 70 50 123 25 47 29 39 82 78 86 136 99 31 53 48 119 77 103 34 187 42 252 64 58 134 68 130 46 128 48 115 164 69 37 28 78 108 33 50 141 58 177 41 95 159 53 100 119 139 29 85 175 70 129 63 95 106 39 72 44 153 164 66 112 112 75 77 28 63 36 76 60 40 75 122 38 90 42 48 66 56 59 242 75 69 100 115 86 87 185 33 95 100 64 156 104 38 91 61 117 120 71 129 133 39 98 106 113 127 64 48 29 165 71 41 54 237 70 31 65 26 220 42 110 50 92 45 122 90 42 31 111 109 122 132 105 112 43 59 45 52 67 82 23 80 62 55 113 78 82 88 90 40 89 140 63 25 112 85 47 51 61 89 58 93 61 40 32 85 70 81 138 75 46 43 17 93 70 56 149 186 44 27 34 41 48 27 47 169 142 49 111 37 112 43 102 46 44 69 72 114 126 119 48 79 56 35 54 90 61 85 82 76 97 70 73 59 52 32 96 151 83 29 51 29 39 78 72 161 61 51 132 66 80 54 141 44 49 111 42 72 31 84 23 30 50 75 53 40 26 107 58 94 103 76 102 44 68 83 44 27 43 85 61 33 79 43 83 69 35 72 58 53 79 91 24 44 41 43 92 40 44 113 31 41 88 35 25 43 84 24 56 73 81 34 37 60 63 96 119 82 74 56 82 143 111 61 118 24 32 64 63 80 52 54 29 79 78 54 50 39 
76.354
50000
190 173 67 130 90 151 53 126 101 74 113 37 55 70 50 72 86 124 112 33 53 44 75 113 68 59 235 83 28 87 163 321 49 106 82 267 107 24 101 145 37 144 68 37 240 54 97 70 80 43 41 51 55 62 70 36 53 23 58 150 82 231 43 245 59 87 48 122 87 17 61 42 128 75 134 31 56 199 32 240 149 34 25 30 78 57 254 266 41 90 41 57 40 102 56 64 215 36 120 61 26 61 158 98 113 54 105 60 37 47 33 78 52 131 207 119 141 149 42 61 32 75 57 86 44 102 43 57 53 154 64 115 112 60 118 210 67 128 120 43 50 93 57 150 47 48 44 29 142 32 26 207 182 167 23 195 77 50 24 49 98 71 98 28 42 60 98 74 74 80 43 115 85 120 20 33 62 98 54 93 84 50 232 115 77 39 53 52 61 62 43 62 136 121 78 82 89 151 134 140 99 123 40 32 26 61 41 78 84 64 35 30 61 92 45 53 55 60 94 32 146 170 28 76 47 54 46 174 68 50 39 151 132 43 42 58 56 36 155 100 102 20 84 90 53 53 96 22 91 92 126 59 107 78 135 70 68 175 101 143 74 24 45 91 62 33 50 46 182 55 78 67 50 47 64 112 62 134 64 161 91 66 48 118 102 76 66 43 90 90 113 79 107 143 115 159 50 60 93 19 164 33 108 49 55 42 295 100 30 41 84 185 105 74 127 122 31 126 64 152 99 56 40 145 128 132 129 86 64 103 190 246 83 64 27 21 129 31 105 90 102 38 49 63 71 145 62 40 145 56 78 151 77 41 98 236 82 38 98 55 64 28 45 48 92 69 56 45 53 93 149 111 70 75 48 49 82 119 95 85 45 40 63 50 86 109 33 30 45 55 113 71 52 63 90 17 225 95 45 89 85 93 29 26 46 75 83 138 90 25 53 72 29 100 33 70 118 54 102 132 33 34 52 80 45 47 136 70 34 72 71 28 30 97 93 129 148 53 37 101 83 53 66 98 48 34 44 19 46 70 49 96 31 20 169 61 176 29 69 40 88 29 61 55 47 107 48 111 118 137 42 46 52 112 56 94 36 64 84 161 66 66 71 51 48 77 39 108 73 68 64 38 45 89 88 244 35 42 22 30 
82.86
55000
49 25 47 50 70 36 61 57 71 153 151 86 119 51 82 69 91 140 86 144 41 46 33 54 25 82 72 82 73 102 29 32 67 37 77 131 70 50 119 87 114 52 61 87 153 51 123 113 50 104 80 103 118 44 47 95 33 30 67 91 41 87 26 94 61 105 70 42 94 84 32 102 82 104 34 41 30 56 191 126 77 47 100 105 75 33 78 77 49 162 115 101 220 82 102 83 53 84 119 42 65 91 31 29 121 33 132 126 74 59 97 75 191 51 80 51 216 79 107 54 51 25 199 161 113 64 44 44 102 104 132 95 46 112 58 47 64 55 42 178 29 98 57 86 70 93 75 36 102 105 89 168 57 77 22 65 69 71 28 50 75 107 24 67 109 128 87 57 58 41 194 69 90 39 74 70 23 122 106 86 41 32 39 74 112 51 52 49 80 70 105 43 40 129 191 81 196 113 140 54 83 53 125 24 123 94 25 74 134 120 67 140 176 98 52 74 33 142 30 114 70 45 74 59 71 93 135 137 26 56 40 73 119 47 73 56 49 78 92 56 40 46 75 128 133 68 53 31 138 148 58 53 103 69 39 44 166 120 128 60 48 73 83 94 85 89 149 83 145 31 30 106 65 162 72 77 28 141 72 37 60 72 178 17 23 73 75 109 38 83 275 92 50 155 32 87 170 168 34 124 28 56 61 177 53 72 128 103 84 49 143 43 19 101 30 109 96 55 60 73 88 61 71 38 34 50 93 91 40 77 61 157 85 89 68 94 44 207 139 111 46 38 167 130 77 30 83 34 50 27 91 52 60 157 55 25 61 43 74 115 145 46 81 31 96 31 59 57 178 126 63 23 22 33 59 39 92 103 59 25 96 54 81 54 31 97 89 85 42 45 162 39 43 61 113 162 62 152 67 47 57 41 94 36 49 73 78 54 96 51 129 138 63 69 225 120 121 65 51 36 45 33 42 68 79 100 77 80 25 134 180 31 28 62 26 39 74 83 91 50 59 32 152 111 81 67 92 43 29 79 26 45 40 48 56 49 54 117 30 49 43 20 46 59 71 27 144 80 186 42 66 46 74 158 79 40 50 20 40 31 71 44 121 80 114 32 115 61 21 71 30 48 179 36 53 24 40 27 101 52 
78.288
60000
43 53 178 103 61 34 96 74 59 32 102 97 61 42 123 31 37 66 112 52 92 40 56 49 96 35 47 61 38 73 52 84 95 133 29 131 20 56 99 39 39 87 71 58 44 163 121 27 32 136 23 68 90 41 19 42 75 91 85 51 132 223 88 33 60 53 173 78 27 70 133 35 204 258 44 74 110 104 39 48 47 51 239 78 99 62 71 29 25 57 28 90 63 67 161 65 40 43 32 54 32 106 30 81 49 42 60 97 53 86 27 58 116 150 181 48 49 126 45 53 80 194 17 35 102 39 142 38 32 86 50 27 46 44 36 28 49 44 80 56 37 94 103 105 58 58 139 36 102 64 104 83 76 76 72 68 105 22 70 47 29 60 55 42 106 101 27 108 62 44 65 73 46 53 53 24 52 80 28 21 71 53 77 229 149 42 39 110 53 65 62 66 44 53 66 20 68 90 57 61 75 32 30 59 59 48 34 142 64 131 49 25 113 31 54 114 48 26 82 70 61 34 55 30 67 64 91 100 84 32 77 94 112 48 69 169 44 88 59 104 20 50 24 33 143 62 95 27 135 76 31 155 59 76 49 76 36 66 47 85 54 83 40 59 32 114 55 61 69 85 40 91 30 65 107 41 161 76 133 68 76 84 74 41 49 91 126 98 82 132 86 70 25 198 72 156 43 41 79 33 73 35 39 65 273 41 117 79 101 51 104 158 178 105 127 66 46 44 102 149 279 99 37 196 71 136 42 103 84 72 169 44 126 43 42 98 150 102 212 28 63 53 82 43 95 80 36 35 84 139 142 62 62 129 36 65 34 79 44 30 126 70 53 138 55 51 110 61 70 37 74 53 29 48 88 60 35 212 162 153 34 43 79 65 59 33 49 145 66 80 99 206 85 203 106 51 52 62 113 30 42 89 56 33 73 40 50 36 155 50 39 22 59 58 82 145 27 66 33 47 120 44 75 63 65 43 121 51 85 56 32 139 46 136 79 151 136 46 30 55 47 53 67 37 60 60 42 51 39 127 101 68 29 48 74 33 41 109 82 89 92 54 43 42 89 49 141 89 83 50 33 41 60 149 93 80 55 39 109 27 28 50 126 115 82 22 69 61 47 91 27 112 31 60 50 30 47 36 98 54 
74.222
65000
86 111 82 83 75 70 62 260 78 85 36 125 42 59 31 40 130 53 112 137 37 165 40 63 27 38 42 55 64 51 124 26 72 66 50 63 200 103 109 63 55 46 91 34 55 71 65 51 81 134 73 235 79 105 63 137 30 35 29 69 115 19 102 47 59 26 28 52 24 121 61 53 19 63 87 77 41 111 77 58 173 27 31 95 22 64 120 42 134 77 36 84 126 21 85 109 62 128 62 100 69 53 39 32 64 25 61 34 59 70 32 35 43 35 44 219 120 147 164 45 78 58 130 47 53 50 123 99 23 105 138 80 232 86 44 149 52 160 103 28 242 78 39 73 41 139 58 81 61 41 28 43 40 69 30 33 52 56 32 60 62 123 42 202 59 88 33 64 63 66 76 75 39 63 105 89 123 72 78 24 127 33 81 29 195 131 25 135 82 22 50 118 49 65 68 29 71 63 110 31 52 74 33 67 30 108 23 31 41 39 234 185 163 67 64 86 43 106 88 21 120 63 55 25 99 60 20 120 15 126 28 40 48 103 33 110 46 41 44 49 88 118 46 54 77 24 86 94 83 70 50 59 59 83 44 101 61 24 59 145 34 119 34 118 55 144 122 42 68 44 193 36 80 71 34 99 34 142 33 97 97 34 161 48 47 86 68 32 37 38 73 49 80 56 22 111 52 28 43 41 60 128 30 84 47 122 145 59 127 120 69 128 108 78 66 91 88 158 258 70 36 82 92 80 93 55 49 42 82 105 88 79 179 140 162 39 58 103 34 176 38 145 95 40 72 78 72 109 73 148 53 125 31 180 278 44 64 72 75 273 23 152 36 78 38 111 60 70 62 37 175 91 109 59 67 48 19 43 92 138 88 152 45 34 41 20 195 75 56 93 43 45 149 96 142 99 105 184 119 37 91 78 134 52 32 87 49 21 32 46 100 93 52 48 136 131 66 31 35 38 42 34 83 105 63 213 67 31 102 88 80 63 65 43 26 22 102 143 76 92 97 66 122 66 118 35 69 26 233 58 62 72 35 77 72 163 77 150 157 56 48 71 48 165 219 55 134 57 72 107 57 95 149 67 45 85 97 43 69 68 90 72 225 93 47 44 42 52 54 91 136 96 90 141 46 135 28 60 124 226 
79.498
70000
37 74 76 23 119 39 41 67 114 55 87 50 36 143 130 36 147 28 55 81 41 99 35 58 96 169 54 57 28 83 44 36 203 36 101 92 52 63 127 36 67 34 55 18 79 84 113 45 49 98 33 58 24 181 102 43 135 108 140 183 148 58 103 66 161 90 164 136 143 156 32 32 57 52 68 69 66 72 66 137 50 66 50 150 77 112 54 126 56 19 66 51 52 77 164 106 73 43 48 60 131 35 22 74 113 94 70 28 68 23 87 123 110 62 172 36 93 28 113 56 61 63 43 54 51 96 101 48 85 42 57 49 127 16 36 40 38 52 132 88 76 74 70 76 78 49 46 47 96 78 90 42 55 41 78 101 51 84 43 37 103 131 48 49 39 95 88 148 70 35 69 80 55 66 94 23 33 93 72 45 38 50 113 35 82 54 41 35 56 50 130 72 96 101 119 110 31 48 77 34 75 34 55 90 39 81 163 36 65 94 129 90 79 89 41 69 159 75 90 65 143 102 100 122 31 31 26 128 94 60 78 69 70 50 38 87 72 37 58 383 27 51 92 91 82 104 53 48 34 28 263 49 49 85 45 49 94 33 106 40 188 73 38 163 37 55 28 222 67 47 82 100 99 18 72 48 88 90 140 36 42 19 31 95 47 139 108 50 34 144 49 204 121 88 90 129 33 68 134 54 70 243 84 81 152 175 50 55 84 111 108 74 63 78 77 36 72 130 93 162 46 46 50 130 74 73 100 87 30 81 129 86 35 68 96 189 117 83 53 71 80 36 64 82 33 20 98 82 26 46 77 65 30 40 41 55 92 57 67 119 77 145 51 29 86 57 90 74 22 56 54 127 57 121 49 82 66 72 49 49 62 159 107 114 32 146 85 100 82 37 66 59 49 77 108 48 42 66 100 65 86 89 84 26 77 69 41 36 95 123 209 45 112 39 158 72 109 59 56 77 33 66 126 45 116 61 161 60 27 83 60 65 61 70 59 73 101 56 70 26 48 36 105 180 115 30 414 48 70 46 89 49 112 69 105 59 97 53 66 86 68 32 91 59 113 174 138 116 49 84 91 59 17 116 53 122 46 78 50 63 44 47 123 56 72 171 103 34 58 83 71 61 227 55 30 87 266 104 34 126 
78.796
75000
125 48 83 80 52 84 73 56 39 57 118 45 56 57 131 69 45 71 44 56 47 43 83 93 119 53 39 92 49 84 67 41 74 75 26 49 90 19 44 45 48 116 50 33 101 39 72 68 23 47 55 58 53 77 53 56 54 65 70 82 61 90 76 87 78 140 76 76 154 96 49 50 61 36 65 68 29 28 83 56 65 25 61 51 70 34 88 63 23 160 24 38 38 37 93 85 74 95 48 45 87 77 54 79 68 87 57 144 55 63 39 57 65 111 132 27 53 42 60 97 104 31 32 79 121 101 47 37 151 89 49 102 34 104 37 63 146 68 138 58 54 51 57 74 68 56 57 51 94 40 126 44 163 101 70 27 56 88 62 75 57 63 55 45 66 47 59 98 81 34 39 94 89 25 35 37 48 109 119 36 70 118 97 47 43 49 53 43 145 40 101 40 85 55 57 113 52 138 32 182 93 125 41 175 38 114 16 131 29 218 94 100 251 75 132 150 34 37 125 72 42 43 127 71 65 75 36 211 74 29 52 83 85 109 160 157 96 47 25 76 73 155 192 52 50 49 73 31 59 37 48 47 67 236 34 62 138 33 35 87 69 114 35 55 78 41 76 106 50 25 61 107 47 53 99 157 26 167 49 36 37 46 41 183 50 99 93 48 157 60 51 258 132 61 76 156 90 31 73 163 56 57 34 106 79 30 64 41 35 68 81 59 329 37 65 49 126 97 96 71 76 63 124 78 78 37 64 95 61 28 64 88 32 23 29 86 102 65 51 206 39 42 60 108 35 80 76 205 34 88 45 105 69 215 31 46 19 51 253 58 76 47 80 62 42 40 110 150 32 52 44 102 79 84 45 49 30 73 43 82 165 71 86 143 49 108 54 132 56 30 164 134 80 98 54 57 89 99 100 81 82 74 219 68 70 99 115 123 82 54 68 70 195 46 102 87 77 33 72 59 68 57 49 18 84 90 67 63 26 81 127 122 42 83 60 27 69 92 91 78 44 73 45 77 76 185 112 44 236 63 37 38 36 61 54 151 49 78 70 61 74 44 78 124 86 113 65 96 58 39 172 78 104 84 44 59 54 92 47 85 74 27 112 75 62 57 125 46 36 77 38 56 130 45 72 114 71 60 119 39 
76.14
80000
33 36 105 112 33 25 126 80 62 116 117 105 92 202 39 76 75 55 30 69 23 51 30 86 130 129 50 64 63 86 84 56 59 97 22 53 37 82 70 30 78 80 112 76 80 44 33 37 110 32 103 70 100 63 48 79 105 74 49 40 41 89 34 32 59 61 44 49 114 52 35 39 50 162 39 171 36 170 28 151 73 48 183 49 143 76 69 53 85 77 49 68 47 38 30 109 73 31 30 117 98 92 80 44 55 73 65 68 79 40 56 51 25 87 106 42 41 28 94 59 70 44 19 63 36 60 59 67 157 30 62 34 86 32 138 37 216 100 40 81 127 49 159 29 43 41 73 104 81 17 103 133 91 42 43 83 45 29 59 30 265 21 94 92 57 33 188 65 72 79 98 97 97 58 130 119 192 179 95 128 235 46 27 177 45 45 57 53 88 55 50 38 56 81 65 55 27 100 70 141 58 278 138 53 45 39 28 99 115 93 42 83 28 87 120 98 184 212 75 47 107 38 37 25 38 76 140 43 38 195 123 40 57 93 131 122 81 61 30 92 57 115 159 67 37 63 92 38 265 31 48 69 36 96 38 48 65 93 73 140 74 48 60 96 30 39 141 51 206 93 85 64 74 97 48 77 120 75 63 91 58 40 49 103 83 32 96 24 43 54 23 45 110 38 38 62 130 41 21 88 51 99 64 66 28 79 189 30 36 54 82 209 58 57 121 40 125 73 59 60 45 44 40 35 69 122 182 37 50 50 61 135 88 52 54 49 26 222 115 35 193 68 84 54 66 40 42 42 38 28 79 35 60 91 41 80 38 105 83 52 67 59 83 61 116 48 50 29 86 40 109 41 74 22 22 23 17 414 92 88 53 56 151 40 22 26 328 64 89 59 111 72 39 108 68 79 157 76 45 63 103 63 70 45 116 56 41 112 81 155 81 77 47 237 188 139 160 125 53 51 56 128 137 28 93 115 158 64 24 184 64 154 130 127 82 129 82 134 56 96 25 35 146 76 203 114 73 112 43 67 80 69 135 60 100 60 91 67 106 117 72 40 86 80 98 118 113 104 19 122 139 114 39 87 32 51 22 125 49 40 63 31 238 117 32 171 77 59 77 71 199 107 82 22 25 82 111 73 67 91 
79.446
85000
206 61 47 61 230 71 133 41 72 65 104 176 41 94 86 90 184 27 202 46 219 200 17 111 80 98 111 203 126 33 78 87 81 126 61 55 85 92 74 47 73 77 159 17 253 79 84 30 28 107 78 196 24 72 154 252 73 176 78 175 101 110 110 95 36 56 151 72 50 33 50 41 97 201 87 86 83 41 66 149 138 79 134 164 114 48 137 79 47 71 87 175 52 98 103 189 36 66 123 98 45 80 111 74 49 47 123 162 53 111 85 31 81 79 150 134 30 61 44 51 158 77 35 61 55 128 131 122 25 219 45 95 33 140 130 133 52 89 30 45 72 159 45 146 52 140 118 30 58 58 51 73 50 177 47 33 151 15 35 94 35 47 47 114 81 136 44 73 113 114 72 36 98 132 82 45 47 76 53 55 33 85 58 119 47 57 26 59 22 40 60 145 114 101 81 61 58 40 39 164 99 48 99 91 29 96 108 60 22 61 64 102 46 59 52 47 74 16 84 83 44 48 59 122 131 148 207 127 44 101 140 31 264 58 113 47 130 240 47 42 125 92 83 105 193 62 134 60 78 37 41 85 201 39 28 181 45 45 203 51 93 83 106 90 91 143 32 55 25 55 49 36 128 65 18 103 32 71 69 84 29 155 52 125 74 62 27 63 85 51 85 80 39 44 119 106 23 108 69 161 69 156 60 46 118 38 92 35 69 83 116 77 98 59 46 35 77 31 58 196 44 100 102 95 100 34 190 43 53 56 62 106 48 51 122 110 105 107 89 45 84 43 38 65 148 43 110 39 185 331 74 36 40 110 61 73 67 30 181 44 150 43 66 59 124 67 103 60 40 44 36 44 136 113 24 60 40 195 80 67 261 84 45 84 69 106 57 57 142 34 37 73 31 97 39 36 46 45 36 112 65 145 92 69 69 61 48 45 24 49 58 290 87 91 56 104 149 128 52 49 67 70 43 31 162 97 228 105 46 103 43 70 122 84 52 134 65 64 99 157 198 59 64 45 88 108 24 53 62 78 76 160 74 68 33 46 105 74 75 91 153 66 84 45 31 45 82 46 99 36 125 92 110 34 56 111 68 139 135 156 79 99 164 92 72 63 162 52 89 95 94 148 111 33 101 121 103 116 93 34 
86.17
90000
65 58 105 103 124 31 69 35 91 97 77 268 82 97 36 135 42 21 69 59 48 448 57 54 71 235 125 62 38 169 58 92 98 90 138 74 165 106 186 95 42 58 69 35 84 100 51 30 40 171 25 102 68 104 27 44 118 175 101 123 54 65 48 30 31 28 61 113 83 133 110 36 46 81 113 160 116 73 69 34 166 100 110 208 84 166 24 123 104 26 80 120 28 76 72 237 177 59 42 62 79 53 68 40 120 34 33 24 53 73 64 156 61 56 78 27 72 70 128 54 34 132 164 67 141 113 88 39 106 65 82 107 143 60 47 48 35 84 120 82 40 77 42 39 70 66 62 107 30 60 35 26 192 66 55 50 47 44 105 52 66 58 94 49 62 67 29 59 38 90 159 101 27 24 103 22 18 55 98 55 67 177 22 43 42 35 43 127 40 30 86 93 100 46 36 62 78 140 39 178 45 114 168 44 33 89 57 136 70 123 78 47 36 32 44 60 159 62 137 39 47 28 44 73 138 174 114 86 16 81 40 73 64 51 75 28 59 93 111 51 77 26 46 132 166 210 81 41 65 143 34 84 37 116 73 77 31 27 94 90 100 150 67 217 47 82 62 55 23 109 41 66 130 52 125 52 22 53 92 66 28 31 41 33 58 54 68 58 106 92 59 41 82 36 57 98 91 187 62 40 131 31 79 44 38 127 58 87 83 56 65 34 64 151 78 87 47 112 51 59 74 53 19 53 123 147 52 59 46 202 55 72 88 105 29 30 180 41 79 50 121 96 86 24 63 101 48 25 37 315 25 60 30 41 26 112 51 25 72 47 66 44 280 148 113 199 42 63 49 85 45 39 68 31 33 36 126 84 196 99 50 40 64 34 16 30 148 92 55 67 71 38 102 73 93 30 113 149 38 114 61 59 60 124 53 42 74 53 66 43 25 150 111 34 53 125 44 94 76 155 175 30 48 29 78 26 124 104 23 89 60 78 63 104 64 85 44 43 36 44 117 112 79 35 38 29 105 31 191 169 38 91 49 83 49 40 55 69 66 97 103 58 36 51 41 203 48 20 49 74 101 105 82 49 36 87 39 145 103 138 69 21 192 98 50 108 79 45 139 159 61 70 124 79 47 75 50 81 67 42 
78.472
95000
41 62 121 54 183 80 113 39 52 84 40 123 163 47 56 73 41 48 25 127 74 44 79 49 63 28 81 81 67 98 64 84 138 67 40 177 68 81 28 66 104 129 70 131 34 117 77 71 142 124 117 58 38 65 138 99 30 95 113 130 80 76 64 113 81 80 135 68 90 71 82 101 49 45 34 74 80 104 43 93 68 57 170 37 32 67 62 160 46 76 109 40 146 147 203 56 51 183 97 237 49 33 169 73 111 32 25 74 145 102 112 46 174 107 74 112 69 32 42 88 82 125 64 46 48 28 47 68 88 133 125 23 43 53 41 31 137 26 56 48 59 92 175 56 57 83 44 26 55 53 70 59 95 42 109 98 56 48 49 62 48 73 106 30 109 77 41 103 91 171 117 50 54 102 46 38 54 42 52 21 90 34 46 84 61 16 91 84 52 76 93 50 121 56 105 114 65 109 54 57 52 122 26 42 47 25 44 22 100 65 147 34 66 71 88 45 31 87 58 36 142 50 32 114 54 86 39 95 71 143 24 90 76 74 59 46 114 126 94 45 123 56 43 48 30 75 82 50 133 49 32 29 79 51 40 80 76 157 61 134 31 119 58 178 37 44 104 204 51 42 24 118 27 81 94 113 98 37 115 40 127 112 39 68 72 125 88 55 56 185 67 83 67 31 31 62 76 63 55 37 56 68 73 106 55 29 26 65 38 60 98 73 149 67 101 65 71 118 64 129 58 81 128 88 94 25 81 76 35 67 49 110 45 69 50 67 66 29 35 43 44 111 69 58 63 106 56 43 92 25 33 56 68 106 64 59 132 68 66 92 52 111 95 78 85 81 87 58 33 53 125 46 68 52 38 91 82 55 26 133 42 84 55 33 61 67 43 64 60 240 32 80 151 42 155 198 41 80 153 108 142 113 143 161 79 70 100 68 92 255 102 46 27 43 95 79 119 158 78 50 39 108 47 167 187 58 86 43 28 95 106 77 44 85 144 36 183 37 51 97 105 125 49 58 28 29 202 114 56 44 34 85 82 83 30 107 52 200 120 162 102 144 41 201 163 72 70 58 125 79 30 67 50 99 25 93 39 68 43 72 85 175 126 267 53 82 81 118 57 67 74 67 110 67 86 85 142 37 183 102 
79.556
100000
54 52 44 146 138 52 79 183 113 146 137 27 180 61 96 65 35 69 33 60 41 130 66 37 157 66 46 54 36 105 65 60 40 54 94 56 48 179 50 60 36 121 52 80 80 89 69 67 42 31 40 45 199 147 51 73 26 32 42 25 35 114 42 157 45 56 22 46 45 100 94 115 35 35 128 54 25 118 43 103 59 48 128 48 116 191 51 28 124 70 29 96 71 60 44 185 35 110 39 42 55 101 27 63 138 75 126 70 77 94 112 43 81 90 67 86 100 44 75 50 155 66 25 37 75 74 43 63 101 105 66 64 45 67 36 109 40 34 56 68 158 32 67 99 60 45 75 57 43 114 69 79 118 109 52 39 71 74 63 44 18 112 43 67 106 42 36 143 83 123 130 126 49 95 27 116 45 74 38 97 39 100 203 45 54 46 20 109 102 83 49 97 94 82 110 156 141 114 146 41 106 83 94 54 75 68 51 41 29 46 35 25 62 39 142 63 42 52 99 46 146 93 86 72 106 66 97 66 87 59 60 67 50 41 73 72 173 115 130 145 40 85 105 62 132 92 129 109 57 23 157 60 41 59 96 79 145 63 98 54 38 114 41 62 46 88 78 52 96 126 113 43 56 58 26 189 64 155 54 112 20 140 112 135 51 21 144 29 64 89 121 54 140 65 41 156 36 81 76 22 40 56 77 54 62 90 47 47 28 163 54 49 91 66 91 68 46 35 120 77 86 61 163 99 34 53 103 166 75 73 89 123 48 34 36 59 41 54 52 102 83 81 185 67 213 29 82 32 25 73 30 93 50 55 29 191 38 25 100 32 29 35 86 140 83 77 45 48 106 41 47 114 46 127 128 42 57 34 100 39 44 103 43 77 56 124 137 80 114 76 63 234 87 76 86 29 63 175 62 92 77 50 95 86 71 74 62 54 49 51 43 124 81 54 30 50 62 59 82 174 65 72 63 84 28 81 44 74 50 46 20 72 125 76 25 77 31 137 152 77 135 105 95 52 28 31 24 26 25 58 71 60 30 51 70 63 46 56 42 117 48 49 89 289 81 54 145 54 84 52 68 52 75 37 19 105 32 109 56 35 114 118 31 36 88 180 65 47 115 124 72 60 99 67 61 44 24 70 111 69 
76.158
