500
17 41 19 17 45 51 38 57 42 22 33 15 22 43 24 31 27 13 11 46 10 45 15 15 24 44 34 20 22 24 17 40 25 37 22 21 19 40 14 22 41 47 19 15 39 39 18 19 29 10 29 27 11 27 26 31 9 13 10 18 9 23 22 15 20 22 35 23 26 16 15 43 20 21 40 31 21 24 33 23 29 39 30 14 34 24 8 28 14 41 19 28 17 14 55 12 21 28 40 31 18 61 41 31 50 38 46 36 65 21 28 25 12 39 38 30 35 26 10 40 14 34 23 15 24 18 29 18 24 10 12 16 18 37 42 23 13 54 25 41 11 51 13 26 68 40 54 31 13 26 16 41 20 18 34 12 22 24 29 45 47 12 50 13 29 29 15 22 16 39 28 53 42 24 44 26 38 32 13 45 27 59 88 46 15 11 42 25 23 30 18 30 39 12 55 42 19 23 24 64 13 52 20 22 78 36 22 14 26 31 39 46 13 25 20 25 31 35 18 42 16 21 19 16 28 29 23 44 24 25 16 58 25 20 19 32 24 37 38 18 21 22 28 39 34 15 63 23 30 10 36 19 30 51 31 21 26 35 25 63 36 32 47 32 23 18 14 19 16 21 21 22 10 15 84 77 20 18 20 26 36 48 53 29 14 17 15 26 19 23 11 52 42 19 22 37 24 35 64 46 25 33 48 36 39 31 18 45 39 40 20 13 13 34 30 34 31 14 19 29 21 16 33 13 30 48 12 30 31 28 13 16 43 25 31 16 22 33 41 12 29 43 19 25 15 22 34 30 27 21 22 15 24 34 41 15 13 13 22 29 23 15 39 24 23 13 22 20 16 28 19 47 41 26 16 43 25 13 24 26 20 31 50 37 22 47 33 12 15 16 25 25 44 24 48 25 52 13 31 16 29 95 14 19 40 51 21 23 32 90 21 29 31 33 34 24 60 21 27 56 12 42 35 21 50 52 32 47 33 49 32 29 22 25 13 14 58 25 52 36 35 41 14 22 44 27 45 29 32 28 18 27 32 23 40 43 28 10 34 21 36 33 57 39 28 48 20 32 34 37 34 38 23 47 23 38 38 23 39 58 32 23 48 49 19 37 42 59 17 43 17 41 43 29 43 39 30 18 23 18 
29.522
5000
29 34 35 28 45 36 51 31 21 37 52 24 49 53 43 36 36 28 42 34 45 26 21 21 46 46 28 66 35 46 28 63 57 33 25 22 30 40 47 66 15 13 52 22 65 35 55 34 15 14 31 15 14 15 36 40 43 29 53 26 82 26 59 25 29 45 50 26 42 24 30 60 41 32 55 33 35 34 20 24 17 32 65 33 37 21 19 27 28 74 23 41 31 24 48 36 32 26 35 37 36 39 40 32 47 32 24 88 24 59 47 18 21 44 50 46 39 42 19 62 33 39 26 44 21 64 36 22 34 22 27 16 35 53 31 18 33 20 21 48 28 20 44 33 62 53 45 31 23 38 13 26 46 39 32 80 32 28 44 32 19 44 30 28 46 32 22 52 40 33 48 21 35 35 19 52 33 15 25 46 39 45 16 37 39 31 65 43 27 55 55 32 23 79 30 35 51 36 119 43 32 27 43 59 50 34 47 36 26 44 44 71 26 28 41 26 19 32 23 22 31 30 39 15 58 88 23 39 47 28 15 24 50 42 48 30 45 43 27 60 29 20 34 33 54 14 27 47 42 38 20 58 20 35 21 20 17 39 18 77 28 28 27 21 45 38 53 39 30 67 58 18 22 47 49 70 36 31 43 16 52 34 62 59 21 65 65 47 38 28 21 63 47 43 67 23 48 22 75 32 23 45 43 73 31 50 43 26 49 53 31 44 38 38 28 46 51 21 27 84 28 89 31 21 16 63 49 39 32 22 16 21 23 41 64 40 32 16 75 58 48 15 28 35 26 50 78 21 45 48 38 33 43 49 24 53 57 15 20 117 16 31 54 36 38 62 17 17 23 79 45 53 38 21 80 56 37 24 34 64 82 35 64 32 53 22 30 50 45 21 29 48 67 29 38 20 52 58 75 30 37 60 81 41 26 45 49 19 43 22 45 22 23 31 37 27 28 21 51 96 12 39 20 37 20 29 21 57 14 40 13 41 24 16 64 44 35 27 41 20 19 49 25 41 28 24 85 22 26 35 41 23 47 69 58 45 36 20 61 80 54 45 34 19 51 29 41 51 70 55 22 59 47 17 30 60 39 22 36 72 43 38 28 54 37 62 66 18 32 38 37 65 23 54 46 22 47 22 74 55 
38.756
10000
52 56 60 30 52 30 36 33 41 27 60 28 24 37 32 28 47 18 50 66 27 38 74 42 40 52 32 41 31 49 36 20 34 38 72 44 20 26 38 46 39 36 33 36 23 11 72 37 23 31 21 19 47 56 42 38 30 22 59 19 39 17 22 28 28 40 28 43 51 67 50 26 30 58 23 36 71 27 43 94 23 20 30 66 71 25 49 38 41 32 75 94 38 33 83 34 31 38 47 41 51 55 47 62 49 35 63 31 52 32 21 23 26 41 23 28 30 10 35 35 21 57 20 30 24 43 29 45 61 67 41 26 28 47 46 37 44 34 64 41 56 44 42 31 31 21 27 27 29 28 48 52 21 49 34 32 39 46 41 36 37 60 58 20 29 80 16 42 60 48 39 48 38 57 53 31 21 22 23 24 19 48 73 35 38 19 30 56 45 27 31 23 27 30 36 51 42 37 70 43 19 29 60 67 37 30 23 54 16 62 25 17 20 45 26 41 76 45 30 31 27 55 33 24 38 17 37 65 36 31 19 14 17 28 27 18 39 62 34 44 57 28 33 31 38 40 20 38 31 55 27 51 38 109 49 67 32 67 33 61 35 17 54 54 38 46 30 25 65 41 40 51 44 25 48 26 22 15 46 52 43 29 20 49 28 58 39 25 32 53 24 36 25 46 34 57 39 18 20 39 30 23 58 61 62 59 21 34 60 52 60 89 25 40 16 29 71 36 44 55 24 59 53 50 52 49 29 36 33 45 27 38 24 25 39 63 24 42 80 51 37 41 19 39 32 45 71 56 26 39 38 26 89 45 42 45 31 29 26 55 45 27 36 19 30 35 35 36 23 77 35 34 70 64 57 48 15 45 45 41 51 40 35 29 49 68 62 42 30 16 27 83 69 13 38 33 48 36 80 48 31 44 35 25 44 18 39 30 106 22 22 27 40 30 18 23 29 27 51 31 17 36 45 36 14 69 30 38 57 45 46 21 56 70 34 34 15 28 53 29 64 20 17 40 25 9 25 26 41 45 26 36 42 19 74 54 27 24 27 80 24 28 56 35 20 36 29 24 52 38 66 32 41 47 95 44 18 29 21 50 60 23 43 61 53 38 25 26 14 28 25 43 37 19 34 34 36 32 45 36 
39.424
15000
46 69 61 51 20 76 21 70 77 54 25 55 23 39 28 59 18 15 56 42 50 96 21 16 52 42 18 48 49 26 30 30 64 46 27 58 39 35 68 70 20 24 26 48 77 53 16 38 43 45 47 34 30 23 75 71 40 49 30 26 37 33 31 22 36 21 39 38 29 92 35 40 56 49 24 23 42 19 39 45 57 60 50 34 46 32 109 45 54 38 31 35 34 60 30 21 45 69 29 26 70 32 44 25 49 62 56 114 29 24 58 43 20 37 69 25 39 26 42 75 22 70 39 19 46 54 67 32 53 37 28 42 63 32 40 55 16 41 88 22 35 25 18 27 37 66 31 64 15 75 33 29 46 32 67 32 48 35 59 48 33 26 45 40 16 61 47 20 49 51 43 35 54 37 26 29 30 50 52 40 64 65 59 77 55 36 55 58 62 51 45 32 26 52 33 52 43 41 80 51 66 28 51 42 20 37 31 20 34 44 21 35 45 21 52 67 68 17 27 27 26 38 46 15 61 36 57 38 38 58 33 48 30 25 36 37 58 44 60 40 32 44 28 32 48 42 32 28 59 54 35 22 22 27 30 37 44 19 17 62 82 39 26 35 66 39 27 32 38 37 32 24 50 37 92 67 60 29 82 34 43 42 35 28 50 44 66 37 31 54 41 44 33 19 52 20 32 53 51 50 45 38 38 64 29 44 52 62 95 28 28 41 25 45 40 62 70 12 28 33 22 65 26 16 31 23 62 43 24 39 12 34 60 46 23 20 26 38 25 49 32 26 15 25 31 40 31 31 44 29 16 44 62 24 86 19 80 21 26 45 43 14 54 72 25 16 22 52 24 41 40 41 48 36 63 56 42 27 61 42 69 72 42 35 36 90 63 25 50 73 36 82 33 30 69 38 45 39 20 79 48 40 48 70 31 31 48 53 70 49 41 59 32 32 28 54 40 21 64 79 26 27 17 28 43 62 40 66 46 18 39 31 32 29 32 27 30 52 40 62 24 38 17 35 89 32 21 36 46 33 18 23 34 107 42 52 56 27 35 53 40 39 65 24 73 22 37 57 21 55 71 24 28 27 25 41 21 36 23 39 27 57 38 43 47 65 19 73 41 25 54 29 24 18 38 17 61 73 26 54 
41.974
20000
29 32 34 57 21 22 37 39 27 23 36 29 38 30 43 31 55 13 24 48 34 12 53 60 21 55 54 90 35 109 17 51 35 95 26 35 25 86 51 40 25 49 97 34 63 42 29 75 44 67 56 31 57 44 74 80 46 46 43 32 40 32 38 39 55 40 42 43 42 81 68 30 34 106 63 39 32 29 19 42 17 77 31 47 47 41 47 28 40 36 38 49 30 45 59 67 13 67 40 31 26 80 40 25 34 41 47 49 47 53 28 22 37 30 24 27 73 39 42 94 19 59 30 15 31 61 24 46 24 43 16 26 23 26 42 21 30 14 63 32 47 37 29 45 55 26 37 46 56 34 33 62 34 46 60 38 25 20 70 53 54 38 38 74 93 43 34 63 27 33 36 21 30 65 27 42 23 30 42 56 44 62 99 49 68 37 45 52 45 41 21 47 60 41 40 24 28 26 71 40 34 30 43 40 27 38 22 39 44 33 28 39 28 43 37 24 53 32 35 22 47 28 27 46 82 49 21 37 41 18 27 27 31 69 65 23 26 52 43 24 23 22 43 31 40 25 19 22 29 48 37 29 22 64 28 51 21 22 19 23 50 49 27 34 19 44 23 65 85 59 58 91 84 63 22 18 21 37 36 74 29 48 34 42 43 66 43 29 58 30 30 66 18 44 24 45 52 80 74 26 33 63 40 26 44 66 63 31 17 75 24 36 50 48 30 65 70 18 71 30 31 20 23 29 42 25 40 65 94 70 43 49 50 32 57 21 49 24 42 67 31 33 45 17 55 41 47 34 55 57 27 69 17 29 71 67 65 25 29 75 78 29 59 19 23 35 29 18 60 69 32 40 14 28 48 18 42 59 51 31 29 30 39 28 14 57 32 45 24 42 43 77 30 26 41 38 41 50 66 23 46 71 28 62 44 65 41 27 67 39 70 46 17 12 54 44 69 26 18 37 33 39 15 35 27 65 50 27 63 35 31 33 39 27 39 14 26 35 27 73 43 23 21 80 43 20 45 31 30 58 17 28 45 73 22 22 43 38 56 41 70 26 56 27 43 47 24 47 70 38 34 38 47 60 56 42 58 26 55 31 36 23 58 23 49 51 46 30 44 37 31 44 88 21 33 43 24 61 38 42 
41.756
25000
28 75 45 24 27 75 47 54 56 23 31 41 69 53 32 45 32 19 23 28 22 34 32 47 21 56 25 83 66 54 25 43 41 44 21 47 48 76 73 18 38 30 25 30 33 25 43 73 61 39 29 20 56 34 26 62 33 46 47 34 74 35 35 35 38 20 49 30 66 32 119 30 30 44 43 36 37 40 106 36 61 45 24 42 42 19 21 36 53 22 25 41 28 34 46 48 36 50 54 27 27 33 57 28 61 26 20 39 88 28 16 80 23 91 31 23 67 20 50 76 31 37 33 28 81 39 19 46 43 13 30 35 37 41 42 54 34 44 40 29 27 33 35 76 80 57 57 88 74 76 66 31 31 45 43 36 36 59 43 51 67 34 50 61 65 25 40 27 38 43 35 60 61 70 115 112 38 20 51 36 34 83 36 82 30 21 17 30 35 29 58 29 56 33 50 44 74 29 44 17 49 48 84 45 37 68 37 58 81 98 21 36 28 53 63 29 58 15 60 53 39 20 17 16 22 95 28 72 47 37 37 20 21 34 33 34 32 53 51 22 89 69 37 100 26 60 60 30 29 59 36 41 45 97 20 34 26 40 22 35 29 46 74 78 18 48 51 71 76 52 19 44 53 65 36 45 25 23 25 57 49 75 78 33 50 32 54 36 46 60 32 23 22 45 35 81 70 39 30 29 24 48 35 56 50 38 33 40 47 25 38 36 22 29 48 72 28 28 79 40 43 62 33 19 20 43 21 82 89 31 40 78 33 57 65 76 43 42 56 55 33 20 31 53 22 28 49 40 84 42 32 23 28 34 91 26 58 21 39 29 41 25 38 22 21 52 33 47 45 41 16 74 71 75 18 26 35 19 41 56 45 83 69 48 42 40 37 22 64 33 25 38 21 39 35 46 45 62 38 42 41 88 75 55 42 30 77 86 91 61 30 33 28 58 37 33 31 46 37 82 33 60 32 50 55 45 67 94 31 67 42 29 46 53 31 71 28 35 44 64 60 30 50 70 107 21 32 47 90 29 18 44 18 22 25 73 33 14 60 25 89 23 66 39 24 31 54 30 38 48 71 13 98 69 29 89 32 30 32 58 66 51 39 49 64 82 54 102 16 60 21 50 30 20 78 24 79 39 40 31 
44.84
30000
49 50 26 95 29 82 38 49 42 45 45 36 34 34 60 39 63 46 54 35 51 32 34 33 28 25 25 77 31 63 28 51 44 71 83 59 61 55 49 29 61 40 91 57 93 51 47 59 59 29 30 69 34 38 47 22 46 40 68 50 70 29 36 79 82 73 31 99 50 51 35 48 27 45 27 65 35 31 73 63 72 46 35 71 56 72 50 86 45 42 88 31 44 46 65 27 57 91 51 33 27 24 38 35 37 79 23 46 42 22 68 40 29 19 21 95 56 28 20 41 19 59 16 43 29 43 47 40 35 24 17 38 43 38 46 53 39 40 44 60 36 72 46 40 21 35 22 24 74 63 37 34 59 49 37 37 40 24 76 31 41 48 38 19 54 30 24 53 26 78 38 68 34 108 37 30 51 32 78 19 40 45 83 32 34 54 39 21 50 28 30 72 32 54 38 19 35 19 95 48 48 39 43 52 24 53 33 61 17 42 47 48 38 43 23 29 31 29 49 28 22 65 29 22 53 31 27 48 32 38 30 24 37 48 48 21 44 29 80 28 44 23 44 57 53 15 47 28 47 31 62 51 50 26 65 18 49 20 50 28 46 12 46 54 17 44 33 54 135 44 29 47 26 41 41 24 18 30 28 25 67 17 68 66 16 59 36 66 46 37 31 77 30 40 45 25 64 70 31 57 63 71 67 25 18 24 26 28 30 40 78 78 44 30 34 28 36 52 44 22 44 81 41 35 23 18 49 19 38 41 32 43 24 17 72 64 53 31 74 64 104 61 50 52 46 27 23 57 73 25 21 34 17 41 68 85 54 28 46 35 67 58 70 55 108 29 30 33 55 33 32 57 27 21 27 27 45 50 42 81 46 31 66 67 34 62 46 50 61 48 32 51 24 56 88 48 27 43 45 47 43 26 40 42 19 41 37 43 42 57 35 59 64 38 50 19 24 32 73 76 27 52 29 24 46 68 23 58 21 60 29 39 44 54 34 25 47 95 73 83 66 32 19 38 30 26 39 44 95 29 31 33 36 21 22 33 28 34 50 30 43 38 22 31 36 26 23 47 54 17 33 56 28 25 43 56 32 43 29 28 41 40 59 36 32 34 36 71 37 19 44 36 24 26 28 37 26 32 32 26 
43.73
35000
18 38 39 31 29 90 57 67 23 24 25 55 31 46 60 45 29 32 32 74 30 40 29 28 56 38 47 21 28 77 43 23 54 42 44 24 31 36 31 26 27 44 49 44 48 43 68 66 49 68 45 62 34 58 35 46 73 34 24 59 50 37 33 42 40 59 22 81 77 69 78 72 50 37 73 54 26 23 31 33 44 31 26 40 30 28 41 34 32 41 45 57 20 59 40 44 67 64 116 30 68 51 80 34 58 39 44 39 85 27 27 28 58 29 33 70 30 41 56 100 27 63 33 23 50 41 30 49 27 93 35 38 76 45 36 28 44 66 15 29 43 50 19 19 66 18 29 45 19 67 43 31 15 34 83 107 93 12 44 22 99 25 39 28 36 61 30 37 24 93 32 47 37 21 63 38 28 46 36 51 91 47 45 60 26 36 24 86 39 34 38 55 31 28 26 38 53 58 49 79 35 30 34 44 43 46 29 126 38 104 41 49 69 49 29 42 41 37 46 69 25 22 47 18 21 38 34 54 55 47 25 35 40 80 47 21 53 36 40 68 25 52 37 42 50 21 69 43 57 70 27 33 30 78 49 36 23 44 113 55 41 27 41 34 47 22 22 47 75 31 37 27 44 29 78 63 56 26 45 110 30 56 32 39 22 34 50 48 26 41 44 69 47 18 43 34 30 54 68 51 32 22 31 69 25 48 59 46 76 40 57 33 28 64 37 23 51 39 35 29 34 32 23 60 52 44 39 23 53 56 38 39 74 29 69 31 42 21 36 66 27 38 52 28 70 37 37 76 30 23 36 31 44 73 41 30 34 28 23 38 34 35 49 59 53 41 50 45 96 45 42 49 56 43 52 55 22 49 30 28 23 52 25 30 37 37 26 86 46 26 38 77 26 31 40 30 42 78 60 48 50 69 20 62 44 23 87 31 38 42 54 28 44 39 52 19 29 20 26 81 46 55 15 26 37 28 47 29 70 49 24 52 49 65 52 39 35 68 37 15 51 37 59 30 76 21 87 21 66 21 35 30 44 59 22 52 56 38 61 26 32 40 45 45 30 27 34 24 42 84 47 55 38 49 24 35 48 37 47 87 39 58 32 45 81 59 34 51 42 38 54 79 37 40 40 43 61 23 60 86 
44.428
40000
62 41 35 36 35 53 56 22 52 61 36 52 34 35 19 50 27 17 68 48 22 83 22 23 51 42 60 91 28 45 26 39 32 36 38 43 36 33 35 74 40 39 75 32 56 66 33 48 27 47 26 28 29 30 28 41 105 53 38 42 48 29 37 37 36 20 60 25 48 71 20 58 46 23 75 80 43 22 67 33 50 105 65 27 26 39 32 54 68 48 26 49 41 35 81 23 33 87 64 92 52 26 88 34 42 85 47 92 29 30 64 45 29 57 44 26 32 38 72 48 59 25 39 32 24 38 42 45 38 43 52 75 80 35 30 26 25 18 20 73 33 33 36 46 117 71 83 38 27 49 52 28 21 65 42 61 62 60 73 66 51 57 27 34 37 30 32 73 37 30 42 67 13 53 51 66 32 33 69 60 35 44 69 60 56 45 92 54 29 28 46 57 70 28 40 24 110 52 20 71 27 59 39 44 25 51 27 95 43 46 28 76 47 27 30 37 38 47 52 29 61 47 31 46 48 63 45 37 65 66 47 39 30 26 67 48 52 43 66 69 73 59 29 26 68 41 35 32 21 33 31 51 25 42 44 47 46 17 73 50 53 48 42 30 47 25 20 43 35 42 60 55 60 29 82 130 32 43 63 51 38 55 23 54 31 39 83 75 27 38 36 61 53 47 43 36 48 38 118 30 72 39 103 35 29 53 41 24 47 29 52 48 48 43 51 73 76 54 69 21 32 48 35 15 49 49 35 62 60 64 34 41 70 57 60 20 37 66 18 38 36 34 52 31 49 52 47 21 114 61 60 39 33 33 50 28 62 23 40 74 53 44 23 24 38 55 13 59 40 23 38 23 57 36 26 52 54 25 40 24 47 35 61 48 10 63 49 35 27 26 29 68 46 35 71 46 54 25 24 34 21 61 61 28 27 72 51 86 21 45 67 13 30 50 21 58 51 26 31 23 23 51 41 32 33 76 41 26 36 62 67 44 53 22 21 52 47 35 74 38 32 27 24 37 68 36 33 80 30 116 26 48 64 58 46 48 30 34 23 36 40 41 33 23 21 57 26 35 52 80 43 38 92 30 87 67 55 39 58 44 27 54 111 56 24 39 57 24 20 80 41 73 42 25 30 20 54 49 34 29 
45.676
45000
38 80 26 44 38 47 24 29 30 70 35 88 29 63 36 41 29 55 36 68 63 34 32 28 26 28 29 33 38 33 33 48 63 75 31 33 50 41 96 33 79 29 62 60 35 26 34 49 76 23 35 44 35 50 50 38 41 31 55 47 24 28 43 51 52 36 84 61 41 62 48 45 26 30 57 56 50 20 34 39 29 118 41 35 65 26 73 57 43 43 50 30 60 36 32 73 51 52 36 34 87 41 42 35 32 28 52 54 39 56 20 41 26 32 47 40 26 31 37 36 23 54 71 39 37 82 67 36 35 70 32 59 68 31 42 41 36 33 33 39 84 42 59 32 42 59 37 52 40 69 26 69 37 49 26 50 62 25 40 81 22 56 40 55 30 45 32 45 39 71 44 38 33 32 63 28 41 27 30 37 49 31 60 39 35 29 50 44 70 28 20 33 49 59 64 19 42 33 56 29 46 50 43 29 26 52 28 52 52 77 22 80 57 32 30 48 67 38 22 77 35 44 67 17 27 44 33 49 30 86 34 31 50 56 50 52 63 20 30 54 24 26 35 23 103 50 50 85 32 59 27 17 27 25 37 58 28 40 52 126 36 30 29 36 62 55 40 38 33 32 25 45 25 37 85 52 29 89 28 57 40 31 37 74 50 57 41 55 34 52 21 30 37 32 20 20 32 101 44 34 70 106 69 72 32 35 40 36 58 47 38 57 21 48 23 30 51 30 36 64 33 35 28 42 93 83 69 76 59 30 30 28 29 65 55 23 47 39 27 73 88 44 49 42 56 63 55 50 28 65 51 31 37 59 57 33 28 28 78 31 52 45 57 31 34 43 56 62 110 87 59 86 32 45 29 62 58 49 34 39 88 47 76 56 64 44 76 77 71 37 34 79 31 15 66 24 23 49 52 45 29 36 65 54 58 77 66 78 20 44 49 39 49 33 63 44 49 41 26 71 27 51 25 43 40 30 26 32 44 69 19 35 33 61 48 41 50 48 70 42 43 30 44 32 46 70 79 22 70 37 48 55 64 49 53 33 48 24 30 64 55 40 31 54 25 29 40 32 34 60 76 38 20 34 33 28 62 45 37 21 116 27 51 27 57 30 37 52 24 43 18 54 23 44 66 38 64 56 51 33 
45.61
50000
56 74 44 23 41 68 83 76 25 33 36 29 36 21 44 31 57 29 19 55 30 59 21 22 49 47 36 36 50 38 46 26 40 27 48 25 94 59 48 19 52 38 43 30 37 44 20 28 27 27 40 73 67 42 20 52 45 24 40 28 42 37 81 55 54 73 44 63 28 38 26 59 35 60 32 55 25 24 23 27 39 24 31 49 25 36 90 43 81 23 99 41 53 49 43 28 44 35 82 34 25 59 56 62 40 69 43 35 19 125 36 41 76 23 39 36 56 65 61 42 32 64 44 24 45 72 88 30 38 45 38 55 34 43 45 43 64 48 55 28 47 20 21 27 41 30 35 18 46 28 24 37 35 43 27 43 23 42 40 43 41 33 26 45 85 53 30 47 24 69 38 34 22 53 23 39 33 37 40 17 39 76 20 30 36 24 23 42 75 34 35 47 54 18 45 37 34 64 29 32 48 38 52 47 31 31 47 28 34 33 40 36 41 36 40 40 27 28 44 70 33 49 38 48 43 86 18 91 63 41 24 19 46 46 57 67 41 66 32 53 86 19 67 53 23 34 34 33 65 21 53 21 50 47 58 28 49 25 32 26 47 32 21 29 71 59 109 64 47 52 46 64 34 112 28 65 48 27 31 75 55 68 25 67 40 46 110 24 66 22 88 55 24 32 36 54 25 48 32 81 34 23 40 82 21 79 36 41 20 23 44 88 28 28 64 20 27 25 45 43 26 69 32 43 32 24 21 30 73 38 31 21 72 76 47 83 37 55 30 39 56 28 40 76 42 40 29 39 24 38 78 37 29 52 46 81 51 21 54 41 61 32 33 36 67 83 28 38 40 29 79 26 47 100 45 43 57 28 71 43 47 36 29 34 66 49 95 64 50 62 22 29 26 43 37 23 40 24 39 80 40 57 30 58 82 34 58 46 44 40 50 53 54 31 35 78 42 54 88 43 42 68 35 30 80 43 24 87 49 116 20 30 33 36 59 37 56 63 23 77 51 39 81 33 36 55 41 68 63 98 37 26 29 68 69 60 83 26 72 37 50 35 32 48 54 53 64 61 58 88 69 105 36 67 78 43 44 37 36 80 40 40 34 72 19 82 49 54 26 35 45 43 21 33 50 23 73 19 57 39 
45.4
55000
22 46 50 38 48 36 80 27 44 26 15 51 22 68 43 24 50 35 57 46 18 42 46 39 30 102 53 37 48 70 75 41 29 34 26 31 50 30 52 42 23 19 55 21 60 60 47 26 30 39 58 31 67 33 31 34 52 19 41 124 75 27 53 42 43 24 32 55 57 54 59 42 36 27 22 41 46 67 41 59 37 58 39 20 18 48 77 42 53 28 49 31 44 22 62 28 28 60 92 58 45 23 74 30 85 26 81 47 55 34 45 39 49 41 49 61 31 31 23 63 26 74 49 51 26 86 56 51 50 17 45 49 50 66 27 47 43 50 25 25 28 30 41 32 51 43 38 30 48 30 36 45 19 51 46 33 76 32 61 27 49 23 51 20 81 54 50 63 92 38 32 45 49 32 48 147 24 20 33 47 69 48 67 47 81 27 90 32 56 50 44 40 35 44 22 38 62 34 59 53 19 41 26 28 28 34 58 44 47 48 36 43 17 36 44 62 30 22 31 64 34 31 59 48 56 22 69 63 58 61 76 24 39 52 44 55 53 33 29 23 60 37 59 39 31 74 50 47 47 37 67 47 50 25 69 23 17 19 26 62 29 36 32 20 19 33 38 44 81 59 50 86 42 54 39 36 69 32 61 30 38 91 28 57 27 33 60 58 67 35 29 44 38 35 30 28 97 29 35 47 70 54 36 22 67 36 38 41 41 42 23 32 30 23 43 32 39 16 33 70 49 50 44 55 83 43 54 72 74 54 26 41 78 57 54 25 31 39 30 30 71 36 45 45 26 63 52 49 54 26 46 55 48 60 34 52 26 34 41 62 36 41 53 73 44 59 54 62 82 36 49 29 59 36 32 47 26 25 29 31 38 24 79 82 92 40 104 50 43 60 33 42 20 29 38 24 85 88 117 26 37 32 40 29 50 88 49 44 41 40 33 65 40 45 35 51 24 24 43 64 31 43 30 70 39 41 55 52 40 22 37 32 80 34 33 81 32 62 48 76 103 24 52 29 24 32 43 54 30 37 64 69 33 74 81 50 57 42 51 27 59 67 47 26 25 106 38 55 44 54 41 32 23 45 72 25 29 37 35 26 43 38 37 34 59 29 33 37 34 27 46 35 34 35 28 37 88 35 35 26 
45.118
60000
47 52 62 35 63 33 45 39 56 19 27 25 40 74 41 75 50 29 23 45 33 44 43 38 31 31 33 80 39 36 33 24 30 35 37 23 63 37 28 81 46 37 28 49 23 29 83 61 94 94 20 34 28 31 78 36 39 45 30 72 38 41 84 66 27 82 44 45 66 39 64 63 41 42 33 113 38 78 48 30 58 57 64 26 36 62 42 30 65 47 45 63 49 33 69 37 56 73 27 40 31 36 85 29 33 55 33 26 31 22 37 95 52 27 24 50 52 20 46 43 34 30 41 24 62 59 19 49 50 39 41 34 60 71 51 37 25 53 43 41 27 17 44 39 62 35 77 56 30 18 52 55 52 45 65 64 52 28 46 42 43 50 67 78 29 37 41 16 30 43 35 62 28 72 44 59 46 44 22 57 60 52 52 33 58 64 39 66 45 58 44 38 28 24 70 37 41 50 48 22 22 36 52 51 38 40 29 29 50 31 20 44 48 60 28 60 54 38 21 31 33 87 29 34 43 86 91 35 51 50 37 29 49 66 33 33 47 45 40 89 47 17 30 26 18 22 75 30 50 37 46 45 20 98 62 25 28 46 73 33 95 27 50 51 30 33 52 31 40 70 38 43 33 45 61 44 39 28 65 61 73 51 48 25 79 46 53 75 67 46 59 45 26 42 60 85 30 39 77 92 74 47 39 40 46 24 57 39 30 51 55 36 17 28 31 80 22 22 65 82 36 75 27 47 49 66 29 52 24 62 27 23 26 45 19 18 39 21 45 48 35 63 42 25 60 25 31 69 33 48 24 23 40 24 69 35 71 20 45 65 57 56 46 31 40 100 47 33 56 23 39 52 43 28 35 33 44 57 49 36 132 54 70 26 62 29 43 53 38 51 97 25 46 39 88 71 67 42 56 41 67 84 51 63 121 33 45 79 29 40 34 29 26 47 60 38 42 32 28 52 41 50 76 22 57 64 28 41 32 29 44 46 111 23 22 28 51 49 49 21 33 26 38 53 44 43 41 43 31 31 39 44 28 93 37 52 52 41 61 27 55 44 30 69 89 22 66 51 32 27 67 68 69 29 31 52 32 29 35 22 34 27 42 85 46 40 33 18 54 41 49 58 76 56 48 63 75 55 45 32 
45.956
65000
50 52 31 33 43 92 90 105 29 76 26 50 44 53 59 69 27 44 53 39 57 50 23 25 52 26 32 60 28 56 36 47 46 26 63 41 30 34 37 42 19 81 25 30 84 22 43 42 45 32 68 55 32 46 23 25 49 59 58 32 65 34 40 40 63 92 28 26 61 55 51 23 29 50 66 17 44 39 24 32 37 53 46 48 63 39 30 57 24 42 48 57 39 33 40 44 31 44 69 89 64 31 69 84 76 27 44 43 38 28 25 37 56 26 28 25 48 52 44 81 38 60 48 23 53 27 65 40 54 51 46 30 46 104 37 46 39 70 53 63 41 31 64 41 67 29 35 50 51 76 25 51 68 35 39 72 24 37 38 61 39 25 27 49 87 59 39 78 25 63 43 38 47 35 35 74 42 50 53 58 67 35 30 30 23 82 36 25 30 48 37 31 46 38 73 66 41 36 70 44 28 50 23 90 18 65 35 34 62 82 49 50 49 68 35 42 49 40 39 21 29 22 39 26 53 36 52 37 42 68 41 62 76 68 78 47 27 93 49 63 50 43 49 29 38 73 38 37 91 64 46 65 31 25 66 39 25 19 25 35 46 35 36 30 20 25 50 77 51 28 43 52 35 33 83 29 28 28 73 33 67 65 35 42 32 68 49 63 56 29 64 54 39 36 43 39 30 71 51 40 30 46 22 64 24 28 34 84 93 47 55 35 23 28 35 38 47 44 48 75 25 36 23 20 71 49 27 30 39 38 38 22 27 49 52 67 66 47 53 73 39 40 37 45 49 53 80 51 86 98 25 42 27 39 34 129 63 30 49 59 40 56 51 33 38 42 56 54 137 64 33 51 58 25 112 36 39 43 34 66 59 73 55 76 21 26 47 76 53 38 45 31 41 26 30 40 77 27 30 52 22 22 46 27 44 45 68 24 22 41 38 98 27 34 40 31 28 72 36 58 36 49 55 34 64 39 77 52 44 46 25 51 85 30 24 44 45 42 85 44 44 55 54 76 49 15 58 47 31 24 39 48 30 87 63 58 70 59 32 32 87 62 25 27 37 29 61 53 27 49 67 57 64 55 31 59 30 38 31 23 57 33 57 29 31 32 67 50 55 18 21 27 69 52 88 43 40 27 15 66 
46.542
70000
28 42 46 52 24 55 58 44 52 27 45 28 28 42 47 50 38 20 31 77 35 38 58 60 33 29 58 39 30 51 31 35 37 26 33 24 25 87 63 18 64 22 57 53 47 40 61 48 53 40 27 45 56 88 28 29 46 41 89 76 31 30 85 85 53 101 51 35 45 28 35 67 38 40 48 58 66 42 33 29 71 79 82 79 51 28 39 54 41 96 32 40 59 35 64 55 21 81 83 24 59 88 71 41 62 92 42 49 56 82 29 88 22 55 31 81 56 39 79 53 38 57 28 31 30 97 87 30 58 36 49 58 94 61 27 21 61 36 88 37 39 42 38 55 82 38 56 51 32 36 67 37 68 41 62 94 82 45 69 39 39 64 33 34 69 74 30 59 54 52 75 36 39 66 71 35 27 23 42 73 67 28 44 53 35 19 35 69 109 25 73 30 52 26 53 28 85 65 38 58 40 47 29 46 43 47 38 44 49 65 48 63 18 20 60 23 25 32 76 65 30 19 30 56 33 44 55 30 35 49 28 59 27 52 27 45 34 39 84 24 39 46 21 54 56 41 53 26 40 28 43 52 44 71 44 62 23 41 64 38 111 54 72 32 37 49 37 41 22 46 63 37 45 67 60 86 26 52 47 31 31 53 25 31 47 34 61 54 52 29 19 86 23 39 62 47 27 73 25 33 59 48 53 59 44 91 26 62 57 74 47 32 32 44 66 33 25 59 30 32 17 77 51 38 47 46 42 107 44 29 39 49 25 50 38 28 28 24 62 61 59 57 70 35 62 31 68 23 37 20 38 24 32 94 57 94 116 38 39 37 20 25 25 55 114 22 56 31 40 101 29 88 88 53 57 32 64 36 71 60 43 99 85 54 55 89 29 53 74 22 61 68 49 30 59 22 45 40 46 29 43 63 19 32 46 39 42 32 58 27 49 39 26 37 57 80 82 33 44 53 39 81 31 45 33 96 27 21 53 52 33 62 47 48 43 23 34 31 34 28 32 49 45 19 82 40 42 39 61 77 41 77 44 35 75 18 51 35 67 59 49 29 23 47 21 105 46 37 22 69 38 73 63 37 46 39 36 51 35 80 49 70 30 39 30 47 46 41 40 44 80 25 45 29 59 47 43 83 23 52 
48.2
75000
28 96 62 29 54 24 60 37 76 39 45 70 22 24 46 64 66 49 96 54 50 42 49 38 53 38 25 30 39 34 33 32 23 66 49 20 58 44 36 24 48 26 47 37 84 35 39 51 24 39 53 39 52 55 27 33 99 24 51 25 71 53 53 73 33 36 33 24 51 52 31 31 46 67 28 38 44 22 73 40 24 82 15 61 50 47 46 24 64 70 63 44 75 28 40 43 47 34 46 34 61 102 45 60 30 59 34 53 73 34 47 50 20 25 68 112 40 32 54 61 33 93 38 35 21 48 49 48 38 48 47 24 26 29 57 38 56 21 77 109 29 39 21 90 17 34 58 63 45 47 23 21 67 45 57 72 71 59 36 50 56 40 64 48 28 96 25 58 39 60 50 82 34 18 65 82 32 91 33 35 64 22 99 57 69 41 50 38 62 47 50 26 38 21 79 85 45 25 17 29 40 69 37 39 61 92 74 73 58 29 39 23 40 64 19 64 84 26 26 23 28 18 21 24 46 28 72 37 54 76 46 63 67 43 29 91 20 46 37 39 44 49 51 51 27 32 43 57 113 53 38 42 59 31 24 28 75 48 55 53 58 35 34 53 33 38 55 37 42 75 50 36 46 64 58 70 58 43 39 86 87 50 60 57 83 57 28 74 24 39 26 53 26 49 65 29 59 42 48 35 30 49 29 65 41 61 24 29 56 53 32 71 23 38 28 67 44 29 33 50 25 29 18 21 43 45 36 22 32 24 17 38 50 25 44 33 46 25 36 58 77 39 36 28 63 39 55 24 81 66 51 77 20 22 36 14 31 40 36 54 24 32 94 62 27 69 75 24 88 50 29 29 23 28 65 73 45 41 77 53 21 25 48 54 27 48 52 38 25 61 85 30 40 39 52 48 39 33 55 40 62 75 40 37 34 25 23 58 49 34 21 46 48 28 47 42 63 33 49 66 23 35 37 44 70 100 25 86 38 61 64 88 22 37 38 32 26 44 31 47 42 46 68 47 41 58 33 48 62 27 36 33 43 93 67 28 43 57 26 82 46 51 40 53 70 50 39 47 58 45 75 53 66 39 62 40 36 32 27 40 41 57 51 48 36 25 55 46 88 55 40 61 37 50 77 26 58 56 48 33 
46.734
80000
54 62 18 47 58 78 59 29 30 65 32 49 62 67 24 24 32 29 31 23 32 51 54 23 45 40 25 31 47 38 39 28 61 31 37 42 28 52 120 63 28 41 82 42 53 64 60 21 30 113 36 32 55 36 91 27 47 51 86 42 64 61 33 44 64 55 51 53 81 56 65 39 39 35 52 28 58 68 44 28 78 118 67 99 75 37 82 24 23 64 48 40 18 60 38 59 57 60 62 21 32 26 59 43 61 65 59 85 27 71 28 57 55 33 27 79 50 55 54 67 70 37 41 48 48 76 39 36 35 86 31 34 62 34 44 26 29 32 73 69 42 25 75 84 72 34 83 43 89 45 24 30 27 42 31 69 80 24 58 52 48 50 47 35 71 34 52 34 29 54 24 36 28 45 27 87 25 62 21 29 53 60 43 38 37 73 25 34 31 26 41 69 37 35 38 43 35 53 42 95 51 46 60 33 26 32 78 69 48 40 24 46 26 53 65 45 51 41 69 40 47 33 38 52 47 121 59 80 50 23 46 39 30 19 36 41 28 39 66 70 43 36 38 22 81 51 103 68 51 64 83 36 38 30 43 70 27 28 70 84 56 65 37 34 25 29 74 79 41 32 53 22 46 56 55 33 57 46 35 44 30 71 33 34 34 55 42 40 38 54 39 24 31 32 40 54 33 100 41 38 25 92 69 42 59 58 36 59 61 43 23 23 44 99 57 36 45 25 34 60 33 68 31 38 43 57 75 46 29 41 38 59 100 60 30 42 38 52 99 50 43 40 26 39 77 20 32 68 78 70 75 61 34 58 71 56 46 33 53 98 68 24 70 31 42 44 26 52 67 65 94 75 29 73 41 35 18 60 34 26 41 47 29 28 39 63 69 75 31 82 43 92 37 32 41 21 42 43 38 68 20 28 43 76 26 94 51 48 40 36 37 26 46 28 21 41 59 51 61 81 35 92 53 33 45 36 65 43 42 84 24 135 39 56 22 49 62 49 41 41 54 61 31 59 87 39 22 41 58 52 44 90 17 54 48 24 81 51 51 49 45 45 34 26 38 51 35 41 55 54 38 48 65 32 24 47 47 80 71 66 31 26 80 18 66 40 27 20 49 20 36 154 52 42 41 58 53 17 36 62 
48.664
85000
19 67 31 92 48 91 27 35 47 49 34 32 48 62 68 42 72 27 32 37 26 36 27 28 61 45 24 29 82 46 20 68 22 43 74 31 43 33 52 46 53 31 74 29 59 27 54 33 35 36 18 64 19 26 23 61 41 31 58 35 26 28 53 60 29 31 50 24 95 57 42 47 60 25 50 82 47 23 68 33 50 126 45 67 58 37 30 70 27 55 35 75 29 35 104 47 44 50 156 33 26 63 39 36 79 43 29 32 39 28 44 88 25 29 25 44 26 28 77 51 42 42 35 44 52 103 53 55 43 80 28 26 84 52 38 26 24 41 60 25 44 68 31 44 48 57 43 71 53 39 52 37 32 58 32 22 77 29 28 64 20 26 66 44 52 55 59 68 42 48 38 26 74 65 47 45 33 33 32 70 65 36 54 72 33 28 40 58 58 54 68 29 51 46 51 55 42 37 32 52 36 72 59 57 37 31 83 29 77 38 21 39 39 37 69 38 64 33 23 35 25 39 52 30 38 32 77 48 58 46 33 38 55 62 27 59 35 78 55 43 28 69 46 34 63 60 86 57 42 32 42 46 60 34 32 61 73 50 64 36 39 67 57 47 48 50 74 65 41 39 49 111 41 20 68 62 28 56 57 23 67 39 38 65 37 86 50 68 110 49 26 44 21 81 49 67 33 34 48 55 33 143 34 30 28 70 54 55 44 54 25 35 45 54 38 66 30 42 97 46 46 42 31 56 42 27 40 54 59 82 45 31 24 47 40 22 22 44 80 42 33 21 79 43 38 25 60 66 38 36 21 52 54 33 31 29 66 21 27 61 63 23 85 64 78 29 28 28 47 52 49 51 53 25 37 43 71 34 23 42 48 71 49 36 52 57 36 89 31 26 60 38 24 55 38 33 57 51 87 46 44 28 40 24 74 24 40 57 55 44 35 76 46 60 54 52 62 30 44 52 43 51 49 50 30 44 53 65 34 105 39 24 33 24 40 51 36 58 56 29 37 25 52 101 41 66 48 52 47 33 61 60 46 49 47 81 37 35 55 123 33 60 43 43 32 34 51 25 41 25 22 125 40 25 31 65 22 52 38 36 43 55 29 21 51 47 50 29 44 31 33 31 36 50 61 23 36 55 43 36 
47.108
90000
57 68 27 33 24 80 32 36 54 55 24 30 33 17 64 27 80 40 36 50 29 27 22 39 41 20 42 64 26 63 23 26 44 60 57 29 25 20 27 27 66 49 63 23 34 59 61 43 51 42 16 47 41 51 52 45 33 22 24 129 88 34 69 47 31 48 85 25 40 34 33 25 76 73 46 36 26 28 25 41 21 50 41 43 31 40 31 44 55 23 22 47 48 44 63 44 23 58 58 51 30 76 113 46 24 40 67 80 42 30 48 32 48 44 17 28 32 46 48 34 58 49 47 61 35 113 28 30 38 101 59 25 70 54 47 38 137 27 49 72 33 21 56 73 59 20 32 29 42 85 25 57 52 68 24 102 93 35 61 75 70 33 38 62 37 42 55 65 59 50 87 47 90 61 38 67 64 54 46 41 51 81 57 82 40 32 34 52 40 34 35 32 77 22 32 32 32 62 54 69 30 31 40 39 48 40 59 52 34 75 44 21 25 87 80 38 27 48 27 41 38 56 27 27 38 55 36 51 57 54 18 46 54 46 40 25 31 55 35 68 55 29 30 37 47 54 31 30 49 58 23 48 31 48 32 96 59 33 34 36 24 46 38 44 53 32 39 33 44 29 64 74 42 39 29 69 45 59 49 66 45 69 60 91 74 57 49 34 128 40 49 111 32 61 62 27 34 30 35 23 56 47 33 51 25 59 71 29 100 56 55 20 32 26 40 93 46 26 26 38 27 37 23 44 73 53 40 28 50 31 36 38 23 32 33 51 56 39 32 68 37 53 34 41 30 36 29 29 46 45 57 38 49 85 65 59 68 45 34 72 69 43 56 38 21 24 83 86 58 43 34 51 36 52 39 39 28 80 89 60 51 55 37 72 30 46 51 48 40 39 34 18 17 52 32 33 79 57 45 33 29 60 33 32 37 34 25 20 45 56 41 77 64 60 33 40 41 21 54 77 30 88 19 47 74 51 29 39 58 33 25 24 42 54 50 24 59 38 26 64 49 17 28 56 33 23 55 50 50 67 40 36 29 47 45 55 30 22 63 22 49 47 69 25 84 56 30 59 49 38 59 23 62 28 36 67 57 53 35 35 99 83 45 34 64 62 35 57 59 61 19 39 26 54 90 33 30 25 48 31 
46.374
95000
46 24 32 52 32 38 75 37 32 36 48 62 34 39 46 29 46 52 24 32 40 90 33 72 37 64 33 61 30 23 48 74 31 46 45 62 38 55 85 43 39 47 61 128 63 21 92 55 67 66 28 34 21 86 57 49 43 38 33 54 30 59 79 32 38 62 17 37 59 38 18 84 37 60 47 76 70 44 39 79 31 30 39 79 93 44 35 31 27 42 76 51 22 34 27 28 48 48 96 37 81 71 26 35 28 89 46 41 50 59 47 65 46 51 33 74 110 21 74 70 29 95 21 44 47 94 29 20 50 61 17 20 25 64 57 32 61 24 53 76 32 31 43 30 32 43 44 67 53 29 25 42 59 52 49 61 43 80 52 60 45 43 56 52 24 88 24 75 28 29 43 72 22 37 60 45 30 35 81 66 51 36 37 149 75 79 64 47 34 68 67 67 30 39 30 35 45 49 82 89 42 60 34 39 33 86 68 63 69 68 45 21 25 48 47 20 37 48 53 114 29 34 55 41 74 25 66 62 25 42 21 33 110 38 27 47 36 40 65 42 33 33 31 56 38 37 31 50 38 58 42 56 35 42 47 110 38 28 52 68 83 29 50 20 44 45 22 52 25 69 44 46 41 27 90 49 36 40 61 30 54 42 49 74 92 36 41 26 103 42 71 33 59 25 56 24 52 52 35 84 54 49 79 81 26 45 39 29 47 62 36 46 27 39 22 36 44 46 19 30 32 64 44 57 54 36 45 32 23 26 26 37 53 23 53 41 29 26 40 28 90 41 31 81 49 24 66 39 39 51 58 71 25 30 49 75 39 45 75 37 28 40 71 16 29 40 44 40 34 58 112 108 32 23 35 44 32 20 34 36 82 38 56 24 52 65 57 35 28 37 49 41 55 36 38 66 52 32 60 48 42 43 56 69 25 56 31 37 25 41 47 32 58 27 72 27 52 24 43 42 47 35 29 50 34 42 44 40 42 54 25 36 77 31 31 25 38 25 67 51 22 48 35 69 41 65 42 31 80 95 47 20 48 42 27 32 62 33 97 26 67 14 52 90 28 18 51 87 47 60 33 63 23 53 55 56 48 24 63 96 59 85 53 44 24 44 51 74 112 35 34 101 30 25 67 64 59 97 67 69 
48.106
100000
60 30 43 68 121 53 23 56 117 53 26 35 60 84 51 25 48 32 48 64 36 49 53 58 33 61 73 70 64 36 30 31 44 105 52 29 67 29 69 78 83 33 47 57 30 72 36 93 64 57 47 34 51 38 41 44 40 38 79 35 54 50 56 72 48 48 49 48 71 46 50 50 85 61 69 55 27 29 28 96 72 22 53 33 48 27 87 53 68 24 21 42 29 26 35 22 68 71 64 38 47 47 26 37 62 29 75 56 69 95 40 60 67 42 27 32 84 15 37 61 47 28 38 47 54 57 51 30 49 25 67 58 51 74 39 29 45 25 71 65 49 40 50 42 57 36 40 43 86 82 58 43 23 55 52 27 21 57 73 55 39 42 50 23 27 87 41 89 55 40 44 52 57 45 99 65 39 41 48 30 54 60 70 52 38 24 30 53 43 78 38 37 26 23 81 41 55 61 54 68 37 67 53 63 33 85 18 36 31 104 22 28 55 25 42 49 33 59 37 93 73 46 46 48 40 51 38 38 29 33 18 46 29 37 46 43 47 29 31 40 67 27 21 32 95 39 33 74 34 30 18 46 20 33 49 25 60 36 72 26 44 36 60 78 25 38 37 68 73 29 31 70 44 53 54 51 36 80 54 37 46 27 59 43 49 27 28 35 56 41 25 68 41 24 41 70 44 48 81 29 49 84 25 50 71 43 42 37 31 31 53 46 61 53 57 31 42 34 79 48 30 42 25 56 37 40 46 42 34 68 28 45 74 36 39 73 51 41 61 25 99 26 61 32 50 46 54 73 76 28 31 56 39 28 22 50 62 45 65 59 76 54 69 20 49 36 81 52 36 83 43 45 48 27 39 78 32 47 16 41 63 55 49 46 92 42 32 70 86 42 46 65 15 36 50 27 27 33 58 36 55 61 34 36 45 40 27 48 27 34 25 64 30 38 26 35 22 51 58 49 15 58 27 36 56 67 51 27 36 57 45 27 54 71 66 34 20 41 53 55 45 45 44 26 23 63 53 69 26 23 27 32 26 53 40 59 68 34 63 30 67 23 24 31 48 72 39 27 55 71 80 79 32 50 40 57 41 49 51 32 21 57 39 31 72 63 34 70 37 54 60 51 40 54 48 38 54 27 61 81 
47.866
