500
144 131 99 144 230 181 137 59 111 63 192 163 160 97 71 92 150 74 122 155 135 136 272 160 200 157 58 95 107 135 99 160 209 141 102 141 184 99 83 146 139 83 148 69 62 72 158 120 125 193 209 198 269 230 269 171 174 139 152 151 111 172 102 204 74 215 39 72 139 230 132 51 124 36 198 108 163 122 163 233 146 166 80 125 194 100 156 122 164 88 148 104 40 147 57 109 66 157 233 102 28 166 117 104 53 121 73 271 220 89 177 134 189 111 55 72 148 121 236 87 156 81 185 151 193 178 137 106 219 74 109 186 108 83 190 108 195 63 34 56 210 311 121 66 71 183 102 108 247 49 80 24 197 93 178 143 109 164 205 203 152 120 132 90 69 53 148 105 171 197 212 78 72 51 110 174 151 68 119 189 39 232 31 117 213 137 74 78 246 129 107 129 155 175 189 188 195 123 80 168 159 139 105 195 56 213 101 169 43 87 149 201 78 78 66 174 32 76 192 41 49 96 114 127 279 113 22 233 157 131 144 217 125 50 57 24 182 183 59 42 56 265 114 24 97 108 108 146 255 51 63 109 340 112 103 35 173 129 229 142 34 35 162 175 50 95 181 96 155 144 187 21 144 166 63 99 272 122 134 287 163 87 152 163 146 70 138 293 237 129 27 169 109 166 104 92 288 246 50 108 73 137 166 65 51 25 139 58 141 204 281 83 38 136 69 71 50 131 87 65 142 70 200 119 226 144 96 79 111 58 148 276 134 69 215 43 146 152 39 50 122 222 146 190 294 211 122 70 212 74 66 77 211 276 202 27 72 94 104 196 14 105 133 100 193 167 28 87 179 154 265 48 38 105 148 54 121 72 153 208 75 169 113 107 216 81 158 166 141 47 74 126 238 63 127 135 225 70 115 215 123 97 98 176 51 159 30 184 160 75 200 75 103 98 97 130 109 104 152 163 129 128 58 228 239 174 107 294 231 37 127 166 245 175 154 94 172 133 105 179 162 149 86 55 111 62 138 97 52 67 98 116 226 71 220 103 34 133 182 69 132 210 184 159 168 63 162 182 184 169 186 71 111 221 74 98 131 141 61 139 196 160 125 144 259 50 71 106 202 275 78 95 139 109 247 114 187 207 125 202 
132.684
5000
561 436 316 128 125 146 184 263 181 111 539 321 151 66 266 122 75 84 105 172 83 71 400 213 246 404 143 273 135 238 231 648 233 239 210 60 291 273 188 157 28 615 271 130 378 361 104 162 578 75 279 84 272 180 45 131 443 110 438 164 140 275 27 180 120 323 164 311 243 438 206 156 432 130 220 386 288 210 99 157 41 419 214 104 220 511 162 301 334 44 222 249 100 274 372 404 743 345 156 74 244 94 500 203 228 104 103 69 234 101 423 220 410 124 161 255 209 147 252 146 390 248 540 318 142 136 135 281 303 78 558 780 211 280 241 91 156 346 127 84 556 527 362 110 206 839 183 396 315 193 182 118 307 290 350 223 184 86 255 446 180 150 147 64 112 431 235 146 197 473 700 92 228 264 126 463 558 129 182 376 88 30 170 720 383 252 446 233 345 744 271 177 123 287 348 331 568 132 128 189 252 260 91 219 294 116 287 122 97 175 594 88 294 51 178 207 176 44 88 159 248 339 584 617 943 464 123 236 202 241 274 254 285 119 235 86 105 255 135 241 226 363 171 179 234 255 118 193 459 289 225 415 465 286 412 51 229 131 156 151 115 153 108 193 86 333 95 329 158 331 482 22 232 175 655 163 268 91 139 399 274 251 223 226 99 288 194 442 72 271 478 179 111 337 496 318 374 408 340 243 152 200 247 194 460 383 26 76 290 71 302 219 241 331 171 486 241 217 212 366 154 283 131 222 526 180 96 460 651 235 160 87 96 239 225 220 144 118 140 299 141 112 400 170 126 597 15 377 201 288 203 420 271 93 242 75 235 136 129 164 193 89 109 263 139 99 321 410 188 275 706 60 206 416 510 493 137 147 114 271 172 105 140 133 622 320 460 509 646 173 287 207 46 301 664 315 363 490 155 186 175 223 168 146 89 305 40 130 140 107 253 410 149 86 78 259 268 100 459 211 459 193 296 344 465 262 163 279 92 203 181 615 169 484 176 88 64 157 22 148 48 306 279 202 535 195 131 208 912 193 240 108 835 498 605 101 36 359 370 437 335 201 136 278 198 89 321 196 634 702 464 196 61 213 80 279 611 177 251 206 53 335 217 210 440 442 269 657 695 203 173 336 63 191 524 328 224 658 73 111 
256.31
10000
95 468 61 211 256 104 43 201 151 113 373 247 126 83 96 152 232 109 104 420 185 201 329 296 1006 307 229 310 338 268 250 558 196 96 163 54 208 173 204 142 113 795 299 435 321 235 76 51 1037 286 579 280 193 319 137 134 245 311 352 499 113 216 116 390 98 320 67 173 288 512 382 334 146 51 207 539 308 271 217 357 127 294 111 202 646 453 491 508 517 254 65 179 105 368 344 481 628 587 227 434 258 285 287 75 362 264 249 241 187 113 679 596 42 215 229 131 60 172 485 167 394 153 1081 473 577 393 153 485 97 255 344 326 549 270 322 184 295 107 59 132 63 446 350 144 129 734 287 107 931 238 318 205 1185 197 568 183 391 170 637 296 117 218 218 204 187 367 163 133 442 329 419 159 98 288 112 323 756 284 302 133 89 164 68 597 431 187 395 70 602 432 42 236 401 390 173 478 280 155 272 331 233 185 251 177 166 214 85 242 334 98 491 230 173 103 152 255 252 108 295 248 175 280 401 415 457 219 121 116 322 226 339 918 102 246 253 75 301 180 258 88 147 682 205 122 467 139 32 227 583 330 301 182 401 148 313 54 217 99 358 433 227 121 255 246 169 297 623 216 215 275 980 57 366 259 303 177 319 264 195 234 156 94 38 139 345 334 199 553 788 137 242 67 204 578 795 226 395 631 160 133 536 293 162 221 187 62 151 131 171 111 374 387 495 89 143 133 136 98 535 161 40 290 473 484 206 104 122 149 171 372 148 886 381 254 368 71 138 416 145 179 41 520 420 102 471 166 110 263 624 109 208 215 627 136 359 281 202 201 279 566 96 174 138 119 164 234 144 296 82 537 203 130 227 118 295 314 640 109 48 485 92 290 181 108 170 235 82 402 105 121 237 102 228 168 447 276 595 268 39 369 48 66 161 51 336 210 349 134 119 258 350 202 152 191 90 189 287 263 254 236 640 475 814 117 881 450 169 422 306 303 421 834 604 408 435 73 82 168 133 140 394 651 317 260 206 508 259 181 560 142 240 246 432 551 506 255 463 192 387 433 168 242 342 518 298 323 319 160 158 1089 617 157 242 503 209 541 168 120 141 163 54 296 159 171 690 552 150 336 371 78 31 193 57 643 560 114 198 613 182 345 
283.606
15000
179 254 256 62 79 170 333 169 236 234 378 326 252 110 222 356 233 202 229 431 195 140 472 282 635 236 205 584 70 675 213 705 302 76 288 142 113 291 114 86 133 453 359 349 777 674 472 140 149 108 519 216 668 247 315 70 154 385 521 167 295 322 419 733 231 317 141 215 647 382 433 141 93 271 460 387 283 85 157 520 163 823 306 142 400 455 406 186 588 260 270 253 184 554 694 246 149 207 299 204 274 306 331 115 511 475 134 233 247 422 763 345 323 165 133 211 150 305 403 175 336 167 635 679 323 418 294 281 156 254 157 770 169 304 252 44 380 96 130 336 309 556 573 433 66 414 83 409 505 100 86 385 577 615 345 374 419 187 678 268 253 145 227 178 201 214 280 283 209 339 149 110 426 604 247 323 723 116 177 324 192 341 204 228 476 586 377 739 809 540 503 130 302 558 561 150 312 664 274 156 550 529 286 292 281 381 147 160 178 301 611 218 491 72 89 52 129 93 240 234 248 270 500 58 511 638 107 186 204 467 474 585 184 181 213 372 141 69 197 153 309 384 986 121 148 318 126 247 947 103 365 176 367 369 452 191 269 179 479 216 82 111 210 263 204 200 167 122 232 325 478 31 395 158 440 160 376 388 259 229 187 459 338 83 788 69 573 586 463 173 202 63 44 417 212 397 1129 1130 240 171 172 264 418 667 227 130 38 120 104 70 545 26 734 136 352 256 233 109 814 102 407 104 992 308 364 99 206 202 587 162 261 293 592 370 322 277 78 463 214 66 234 185 303 361 310 520 345 130 298 384 538 461 373 725 263 34 199 265 592 203 52 244 244 280 230 426 240 453 925 127 342 68 148 79 681 91 459 138 38 736 365 278 252 374 681 77 398 808 323 379 672 249 201 320 387 155 642 329 125 572 535 262 82 72 186 163 75 507 151 245 511 201 537 107 234 132 205 146 136 284 274 136 382 137 849 189 175 97 100 312 208 69 295 149 409 82 211 466 183 112 107 953 264 352 600 479 51 64 430 303 217 273 235 711 362 50 231 100 557 211 215 264 146 178 54 275 399 138 470 706 505 89 42 350 214 407 111 195 75 394 53 450 125 241 609 640 83 575 1241 209 207 115 311 439 1503 210 1744 506 228 377 
315.576
20000
182 177 205 256 219 256 267 120 382 182 1125 400 160 69 86 256 277 69 248 87 477 389 319 439 827 220 153 360 271 208 406 482 316 350 314 85 266 75 90 77 141 580 603 121 564 355 160 278 583 149 457 304 709 553 497 133 428 199 285 774 130 215 516 342 54 321 142 94 297 681 732 299 300 110 330 280 1021 169 303 364 113 426 343 215 266 301 426 575 1279 171 175 60 216 131 620 377 705 885 165 468 247 126 66 237 414 93 116 231 251 319 748 261 1249 158 591 92 125 123 328 156 283 355 839 209 371 444 808 351 425 214 704 165 91 399 419 124 57 167 202 148 395 850 657 268 507 646 227 306 167 659 298 655 506 730 587 115 652 75 435 362 116 316 264 212 236 308 246 77 142 174 370 211 216 450 573 199 327 339 298 692 571 399 49 118 456 257 365 398 622 64 382 390 266 344 323 410 1293 698 309 235 320 562 228 103 411 114 240 195 164 353 953 422 357 90 201 238 270 133 159 259 164 257 873 539 1037 157 174 168 303 292 231 749 248 158 252 245 140 127 42 274 234 325 730 319 322 246 273 125 420 202 345 286 410 229 614 381 330 278 317 480 200 634 175 97 224 223 328 82 871 638 218 118 480 221 360 211 338 107 219 529 120 520 148 204 986 172 363 249 807 49 194 90 534 164 838 446 916 958 225 375 514 287 113 521 83 329 167 324 201 353 378 361 657 161 118 71 142 91 214 175 314 315 513 590 418 150 147 276 267 187 454 594 519 269 296 160 458 117 131 219 78 222 450 176 285 387 188 147 601 86 130 348 714 648 394 151 173 223 987 621 104 752 137 268 103 270 398 292 272 250 487 117 400 381 583 771 464 182 579 178 90 50 156 94 291 488 635 1626 688 294 227 85 43 460 270 579 268 369 256 672 390 404 192 334 421 229 248 595 171 300 170 78 201 185 93 482 295 193 116 224 221 449 403 366 784 222 277 413 555 311 234 564 73 354 228 327 157 490 61 158 128 790 593 160 490 202 408 317 351 337 132 721 179 790 493 311 400 198 533 257 373 540 262 337 155 655 487 365 484 570 176 185 355 284 649 190 152 195 208 513 232 314 217 436 680 531 127 580 257 289 454 99 113 695 431 86 540 307 297 815 
341.078
25000
232 208 243 145 348 318 372 107 404 393 489 632 436 212 201 200 288 221 163 181 201 268 531 50 1337 772 189 290 426 344 409 1599 67 293 278 155 231 279 25 396 327 1119 403 391 176 694 289 185 688 242 208 457 396 300 360 260 255 210 516 453 219 418 71 174 290 198 384 368 460 609 604 101 358 341 151 325 139 151 263 813 110 567 71 46 373 595 709 476 50 587 219 132 98 488 1178 268 167 296 293 246 397 236 268 112 487 276 232 353 248 327 415 159 359 204 213 124 189 172 130 219 159 83 262 192 1239 245 363 363 224 324 405 1624 589 193 150 239 174 199 262 75 249 1234 576 155 102 317 301 191 1108 214 393 416 864 337 275 295 555 245 214 415 84 350 110 261 138 265 153 334 348 1021 167 179 591 392 352 398 338 234 340 504 68 366 101 92 640 655 339 423 769 294 379 226 247 102 122 307 631 248 127 173 348 192 328 321 80 331 262 82 66 529 306 484 460 105 71 67 97 199 344 213 101 249 77 611 327 720 294 369 779 76 475 545 514 91 612 90 29 242 314 223 223 161 341 745 148 556 60 367 383 334 113 825 627 164 1321 222 499 426 939 108 144 413 258 355 155 519 235 348 219 287 302 140 173 653 203 444 330 190 170 249 79 291 316 379 188 157 384 914 379 215 307 100 30 347 453 677 553 361 155 64 506 307 302 226 323 181 156 227 294 189 518 164 429 109 245 66 253 106 226 406 381 354 634 495 613 540 320 118 267 325 423 987 347 254 407 151 176 605 118 232 146 371 319 269 308 360 146 334 369 183 868 93 165 346 827 134 389 531 834 391 180 768 385 262 184 386 314 254 440 269 641 306 339 74 265 289 622 177 225 228 177 298 452 476 537 168 270 190 462 262 153 119 323 643 734 246 1250 180 129 308 603 459 202 93 325 435 332 340 190 64 473 364 641 111 164 409 131 121 271 187 647 415 1214 283 313 127 230 259 298 265 187 1037 357 220 223 302 102 424 110 196 102 544 468 205 241 255 260 211 879 147 407 219 1152 326 557 223 57 242 823 353 281 382 260 627 174 337 524 453 438 631 428 234 432 451 939 172 1222 278 162 445 120 145 221 302 868 596 269 134 709 159 471 136 358 656 536 147 454 1005 265 304 
346.53
30000
428 861 544 342 155 70 245 333 128 287 291 315 328 95 214 285 95 115 225 223 182 110 300 285 630 377 39 411 396 199 83 1271 368 208 312 109 194 241 132 483 390 101 189 512 303 1124 317 209 825 348 158 553 483 565 618 84 164 229 540 76 248 748 300 322 29 446 502 392 430 266 606 201 633 667 349 401 1148 183 199 221 43 537 117 259 734 251 125 143 137 137 571 108 121 911 298 249 705 479 112 136 369 337 259 218 557 156 50 224 171 240 137 400 761 111 110 159 337 148 149 204 529 494 918 380 372 585 186 164 643 329 381 604 500 177 267 258 77 249 149 83 159 1099 239 177 102 524 253 136 1979 246 85 372 711 801 256 139 503 336 490 440 40 521 229 140 125 418 328 389 362 804 486 172 81 295 404 480 418 166 222 813 190 682 212 170 368 946 535 1164 236 346 94 287 216 375 295 776 917 477 502 523 222 204 161 253 267 310 268 90 169 78 1044 202 631 247 325 123 157 251 87 404 127 317 547 240 522 266 162 418 470 419 691 1150 144 339 390 36 130 641 438 288 344 1262 400 195 247 506 156 100 1155 74 454 280 247 146 358 168 146 235 621 380 172 271 488 166 56 110 271 108 374 180 313 158 419 151 780 590 1465 227 252 381 51 412 81 92 704 347 408 291 196 410 50 283 486 390 674 223 1124 814 172 376 502 44 489 173 465 217 242 167 194 155 481 622 361 106 326 285 325 110 442 234 134 135 390 251 687 283 164 379 982 257 263 249 185 196 234 159 42 338 48 485 376 461 642 303 410 1065 128 440 744 146 325 446 1079 345 224 158 83 302 553 298 388 266 574 583 255 156 284 245 806 284 668 295 291 456 186 475 284 213 274 348 410 720 73 165 616 177 321 894 82 139 402 358 206 183 283 234 1469 604 122 167 93 229 152 143 261 157 114 101 337 170 108 448 636 416 279 288 41 421 511 664 390 314 652 263 653 459 285 166 338 36 164 330 122 70 284 160 156 771 224 206 90 927 415 160 509 374 310 149 183 114 245 465 600 641 590 88 681 370 632 32 242 450 108 219 415 108 289 479 537 743 897 301 493 212 92 515 421 102 295 713 64 512 74 151 481 273 87 981 462 264 335 363 357 129 182 148 1278 878 111 549 
353.708
35000
442 361 185 269 198 208 260 238 219 301 686 332 326 295 161 176 480 294 150 298 214 318 626 407 230 451 186 285 633 93 459 865 515 134 733 42 242 55 125 216 189 953 335 517 550 384 422 192 284 571 443 957 948 641 76 151 356 196 476 361 80 489 122 106 144 562 386 238 354 368 646 221 134 273 508 102 634 29 246 979 184 417 73 228 635 326 674 565 219 653 352 131 219 495 657 819 455 309 100 384 603 103 468 254 410 338 244 203 98 20 262 102 682 353 434 412 174 130 201 215 266 371 688 198 335 534 696 817 564 96 635 669 377 119 311 417 120 498 392 211 391 696 630 217 356 247 123 577 292 300 454 819 756 499 280 147 146 193 708 427 437 446 375 320 222 402 607 94 611 408 329 253 383 713 226 572 596 114 520 1089 80 237 210 282 682 304 339 657 516 341 264 264 346 624 713 261 754 432 183 636 211 510 582 130 72 340 181 178 532 875 783 169 477 380 152 358 695 324 274 201 101 806 516 330 491 492 356 482 413 474 124 256 613 151 448 884 178 450 300 225 93 803 777 611 519 381 305 606 242 271 307 387 168 326 821 101 174 191 277 382 147 470 416 449 43 222 166 168 884 503 508 143 521 362 535 457 819 233 362 223 292 147 207 240 156 268 531 531 341 445 904 172 312 285 136 479 528 371 363 764 300 252 499 358 323 156 239 517 320 85 266 272 489 152 193 111 427 187 78 519 406 529 248 181 85 255 418 387 126 183 883 1115 113 175 228 376 247 459 154 397 105 942 389 243 678 1091 51 237 1758 347 289 458 435 224 204 277 462 239 699 443 116 382 629 179 338 428 214 343 263 867 276 90 454 319 127 190 643 148 199 617 75 437 126 232 648 297 159 54 842 208 186 149 327 101 337 93 839 97 251 651 229 114 291 287 954 372 208 213 103 292 208 216 385 58 168 262 437 143 608 229 231 450 689 524 432 119 398 106 488 362 74 317 483 239 534 426 179 299 221 277 361 404 297 260 1023 784 172 380 800 766 259 354 824 787 904 48 132 256 671 251 372 283 439 180 145 546 117 475 357 290 109 283 148 212 422 1011 231 70 158 315 110 59 403 238 314 199 633 491 462 415 318 123 144 906 634 97 1389 577 186 489 
371.246
40000
632 432 422 410 548 81 140 212 189 75 498 486 316 239 316 132 309 153 134 194 277 620 335 184 349 474 138 498 434 425 680 1717 704 475 171 111 224 506 207 415 242 982 523 157 421 760 96 505 947 425 265 216 340 156 424 108 217 459 591 322 233 679 287 332 126 221 181 219 442 396 670 108 484 211 475 450 346 102 264 851 20 122 51 50 34 308 738 787 632 456 361 495 284 77 193 225 932 465 48 360 129 265 425 167 427 408 240 395 215 150 610 351 531 60 49 412 133 166 277 354 191 119 869 511 395 189 351 560 399 283 643 1293 334 178 417 425 138 341 274 52 201 949 376 294 263 591 25 263 566 133 140 692 45 474 601 59 315 413 970 508 478 546 65 220 117 621 607 54 117 387 392 234 467 400 551 385 315 64 209 279 34 390 255 527 521 498 257 284 429 316 151 279 568 397 153 355 261 249 602 76 491 669 330 275 327 138 206 195 160 362 1023 113 436 66 234 612 225 151 242 219 198 110 559 368 494 169 145 359 483 486 694 1174 362 438 234 56 53 486 278 296 49 327 932 123 192 892 180 390 809 133 251 656 1283 283 610 62 180 147 651 314 336 363 414 87 144 264 202 131 581 172 604 260 618 140 437 48 1232 100 349 169 38 410 72 287 385 149 1365 1229 795 266 379 69 396 273 689 265 699 1014 331 263 238 632 359 174 584 464 342 127 295 187 803 190 400 99 137 317 458 156 498 43 380 471 562 472 305 505 398 170 134 184 350 675 272 413 329 157 311 608 266 114 295 902 368 248 637 407 118 192 594 298 638 377 666 492 495 300 625 451 499 576 160 303 150 123 107 523 188 521 452 383 413 137 209 346 297 516 647 242 88 1019 102 451 148 82 465 246 198 614 371 236 92 642 121 342 351 75 154 577 332 606 239 273 73 126 377 310 297 130 535 149 972 118 449 293 233 283 111 366 307 187 361 449 733 508 871 517 276 538 148 368 182 726 370 450 350 127 200 168 40 69 147 967 1011 528 106 93 267 236 184 224 304 335 1373 338 147 163 151 319 341 452 320 904 420 368 96 367 349 244 306 229 271 161 163 151 372 303 652 53 390 294 139 154 269 368 568 494 429 350 758 90 92 155 476 470 1580 338 1081 776 519 458 
365.16
45000
740 417 213 67 126 268 175 136 273 227 378 359 585 138 191 340 417 125 437 214 591 287 802 342 439 240 239 294 463 73 507 568 130 198 261 131 350 886 268 339 292 748 340 73 269 612 173 508 1179 459 602 359 376 390 203 137 111 399 489 474 211 308 832 180 218 446 393 230 395 930 536 83 80 817 491 249 637 280 41 393 94 570 324 344 458 601 315 239 92 258 353 63 315 914 371 302 331 146 452 497 664 223 477 365 275 318 145 598 148 562 475 399 428 249 177 333 348 77 329 278 746 372 655 564 163 529 392 368 505 248 537 534 156 360 489 110 106 232 207 380 398 471 627 582 194 119 318 602 1007 272 166 910 1092 656 678 112 222 179 1237 163 398 405 355 236 119 431 49 34 454 597 969 347 247 404 507 440 388 78 303 893 78 473 44 601 539 450 346 459 203 328 107 507 600 803 277 180 257 335 320 728 726 256 375 519 493 366 193 101 404 506 638 325 54 123 316 550 64 144 696 123 351 484 361 281 297 726 377 272 148 455 418 355 946 414 426 232 284 168 143 453 391 613 308 454 590 646 48 552 435 116 406 585 223 253 909 91 220 436 584 1197 106 648 20 651 73 131 200 157 499 1010 273 154 368 709 398 629 602 287 286 244 230 240 50 382 217 380 495 612 1311 670 623 149 554 723 1037 297 533 960 397 317 578 431 175 489 363 111 541 276 204 246 600 433 208 452 147 410 628 334 206 382 661 411 890 344 1133 559 448 687 380 600 369 509 708 298 408 437 119 192 126 681 120 991 562 381 385 925 27 188 989 172 130 118 685 712 564 61 637 461 630 323 110 444 517 377 51 255 225 202 194 237 668 333 231 390 268 244 624 111 143 533 156 152 131 541 689 465 230 415 542 403 246 173 296 247 245 416 611 886 170 486 425 299 870 278 259 240 110 185 269 72 423 117 402 307 147 145 290 295 230 646 157 85 647 313 76 576 254 161 729 395 351 127 317 257 307 101 161 684 175 358 126 663 245 300 291 250 330 231 867 478 56 464 902 842 417 219 819 275 725 544 237 492 193 217 314 286 181 508 558 1206 980 345 462 763 445 427 276 148 171 878 98 309 163 113 949 686 400 277 619 53 81 486 381 470 509 414 693 127 304 441 
390.218
50000
395 516 480 207 283 316 255 313 106 328 125 288 207 143 135 312 459 264 85 422 321 91 419 527 289 582 512 41 381 74 310 1100 546 635 552 138 237 371 322 57 357 747 942 560 426 792 307 179 447 540 202 330 254 627 232 297 422 277 253 335 28 531 255 201 144 323 244 233 446 461 52 57 198 297 229 98 292 123 365 645 231 417 199 287 488 332 55 690 742 478 213 605 189 310 1292 128 178 242 593 636 441 329 954 486 808 369 422 135 125 287 587 495 414 310 44 511 538 491 541 329 329 316 621 160 645 315 356 524 126 267 137 373 263 681 650 274 409 385 116 179 224 319 121 471 548 1052 148 271 731 251 327 251 933 340 331 210 317 329 1081 210 321 423 178 335 108 209 214 226 438 195 906 210 443 121 94 508 1074 118 358 516 247 644 412 296 245 987 1030 697 634 493 223 82 262 634 237 412 886 539 290 548 581 314 208 576 121 428 168 128 104 327 709 358 667 214 162 551 451 180 857 463 231 603 429 533 544 805 368 638 218 512 98 634 250 647 831 506 487 491 443 546 315 336 376 523 284 1505 263 196 484 336 487 493 378 1061 1379 194 512 126 948 517 196 826 340 546 42 239 245 440 446 574 281 246 354 232 107 510 424 386 193 380 281 715 166 468 340 312 495 410 245 501 201 185 658 538 332 42 571 207 310 336 344 111 211 220 488 285 176 383 134 286 266 316 605 160 178 60 203 361 307 145 525 160 299 344 674 413 479 165 700 140 619 391 244 512 319 156 136 449 366 358 121 525 167 287 80 739 274 257 1277 59 289 301 787 414 520 251 166 737 585 145 94 163 210 306 176 414 341 265 459 141 159 79 146 297 793 554 516 316 149 309 33 92 133 306 1236 477 212 175 637 266 315 313 117 579 432 621 682 1061 234 251 248 614 375 93 305 335 280 190 246 283 1498 147 110 289 155 229 255 292 52 144 151 218 402 505 516 332 43 96 574 274 787 1020 702 281 269 87 240 230 111 323 384 500 1001 298 450 455 98 595 316 220 274 196 1103 328 1512 150 67 260 116 307 140 115 343 295 91 274 379 168 714 490 447 118 370 163 376 549 462 92 507 900 274 422 135 596 115 725 459 207 686 264 350 453 493 1027 408 631 1459 99 292 446 
383.608
55000
263 580 99 368 374 256 204 257 171 87 578 623 164 43 271 191 191 72 217 431 493 256 433 79 379 79 149 208 291 145 250 982 193 350 491 109 312 319 190 132 448 839 416 565 247 404 47 409 905 171 294 129 1108 664 170 108 303 154 955 591 92 276 52 371 208 460 645 87 541 95 334 52 422 300 133 376 650 507 230 495 395 862 188 211 170 222 247 384 520 406 154 625 495 318 88 165 135 428 239 609 260 337 218 264 723 299 457 170 295 110 815 574 235 357 197 498 383 218 311 399 443 724 1209 187 264 599 395 569 471 259 310 880 211 390 411 257 85 375 48 550 430 823 474 300 218 492 84 384 410 131 240 377 729 707 718 17 553 584 611 1113 294 658 477 579 232 58 268 292 312 1180 868 148 318 415 86 188 351 280 304 442 94 134 169 377 1187 368 54 689 805 153 232 316 102 305 439 202 1067 371 81 740 700 173 696 554 425 528 143 246 301 247 697 454 459 201 364 293 105 127 347 430 404 93 374 80 219 255 512 796 467 208 438 490 415 136 289 233 66 200 259 334 181 253 1282 363 215 815 293 573 378 400 166 524 1647 848 673 395 481 277 508 508 153 700 450 187 326 258 214 194 862 362 593 125 398 435 413 161 74 242 192 1106 104 75 118 136 477 115 449 324 599 408 218 339 256 736 329 109 1809 562 400 179 528 223 195 369 323 328 46 635 213 156 205 239 418 161 85 785 297 79 193 384 315 713 407 162 345 513 126 486 451 254 340 252 271 336 464 222 176 351 287 190 438 511 337 820 373 838 159 196 750 603 446 422 855 479 608 73 365 249 451 936 177 392 438 216 85 292 603 323 251 376 404 410 293 340 377 848 914 294 227 599 107 275 293 268 593 343 433 629 262 246 208 176 401 187 465 372 252 283 189 98 337 139 182 98 213 518 99 409 285 214 646 652 697 425 51 177 699 445 391 389 349 360 369 226 511 1024 345 261 227 229 451 417 1030 178 409 139 236 437 104 265 208 159 597 353 287 359 205 146 1012 278 530 382 969 593 783 309 101 279 591 453 219 791 849 358 296 218 230 676 169 280 630 297 400 761 332 845 284 350 161 568 126 628 245 296 104 563 555 856 359 144 429 101 223 199 246 166 577 752 149 232 
378.336
60000
475 243 356 432 231 325 165 75 291 261 700 386 485 288 237 82 380 260 161 216 245 396 219 777 904 751 95 483 113 484 604 1028 562 324 249 127 274 440 119 278 722 688 220 631 499 400 137 348 769 117 305 330 1523 800 643 124 566 437 314 397 58 200 244 366 153 386 146 105 347 1126 340 304 230 298 468 460 411 236 212 96 208 316 54 181 211 735 492 217 155 626 329 312 112 520 669 335 289 222 403 271 550 572 427 395 190 184 160 193 212 609 415 571 160 171 73 635 316 222 540 357 241 274 657 652 1070 449 216 220 342 93 337 222 318 454 416 43 303 512 137 160 279 850 318 101 898 474 308 404 469 168 598 433 305 512 645 247 291 605 568 230 355 275 610 56 337 62 233 295 298 328 133 207 420 312 224 369 435 90 402 273 49 409 246 164 309 336 391 1058 235 673 262 208 600 606 1048 136 883 725 121 313 169 239 224 329 426 226 200 197 179 254 577 359 216 482 168 197 353 414 940 234 166 413 332 548 596 538 193 274 459 354 197 234 292 373 489 273 75 224 132 247 164 502 984 515 626 1137 161 189 844 154 404 333 781 898 585 60 364 448 330 377 67 803 127 222 227 962 176 350 776 715 408 279 449 298 198 623 77 631 54 141 22 125 40 368 694 74 443 1252 241 85 262 195 287 200 635 321 661 189 313 271 223 534 288 166 369 273 437 42 231 287 533 514 647 291 360 480 228 330 291 235 238 254 960 218 137 266 646 198 780 488 502 399 540 641 269 260 243 523 227 319 349 552 587 341 912 544 342 298 1546 107 330 158 559 545 727 241 310 335 317 525 184 199 549 328 110 235 337 422 465 912 728 273 252 575 168 272 464 245 221 395 311 295 211 352 291 310 883 455 604 481 393 222 212 382 363 95 212 548 94 515 285 940 232 124 413 35 257 337 294 419 497 705 156 205 238 189 700 184 222 183 738 290 661 255 599 498 260 246 436 295 274 699 261 387 555 274 45 657 610 183 449 121 396 109 776 316 324 446 443 192 215 497 103 844 342 215 355 144 939 285 86 634 634 43 194 288 335 420 387 840 127 152 522 563 671 793 476 144 342 494 258 837 279 199 72 484 281 337 619 679 184 172 307 736 562 279 33 1100 436 510 
378.826
65000
226 342 93 403 620 564 233 179 49 360 522 253 467 311 517 155 355 235 563 217 110 40 1746 117 612 506 386 141 83 325 613 256 415 508 205 168 236 581 253 104 295 230 209 409 292 521 226 336 393 124 655 161 988 191 505 315 513 219 400 795 222 304 174 616 36 352 399 396 425 530 869 170 605 530 82 492 966 359 173 1042 227 283 82 145 404 179 158 969 59 361 320 471 380 665 361 698 363 645 228 824 105 234 520 365 612 358 251 69 394 275 250 85 605 242 51 574 250 238 272 369 183 251 157 479 660 404 447 650 733 200 1097 734 125 151 225 334 93 136 222 311 440 1068 316 463 154 59 169 233 300 203 685 358 68 781 335 69 290 242 771 255 206 268 98 119 66 527 537 646 263 1006 631 315 264 268 548 678 708 175 258 600 127 352 77 287 710 625 490 1427 619 64 495 245 445 479 192 324 221 166 352 350 448 579 136 586 697 382 220 384 174 243 292 489 757 387 135 354 119 443 533 189 574 350 632 476 395 530 281 600 515 173 648 868 309 638 339 93 78 199 262 352 455 545 101 643 585 692 254 359 807 200 215 369 1614 1142 697 275 549 607 378 555 405 666 238 114 102 857 211 166 385 270 436 191 369 268 373 126 1553 277 231 266 173 432 115 240 281 422 674 734 313 792 424 372 259 99 109 673 828 458 224 395 1013 471 312 385 479 81 372 328 139 373 719 619 290 308 162 196 157 340 226 303 674 143 476 170 260 396 560 196 405 405 794 753 424 338 472 248 104 328 316 148 523 217 285 544 665 412 76 148 1105 131 246 221 1202 157 263 228 131 529 1064 197 419 201 264 386 117 167 194 248 295 208 498 229 150 123 762 446 432 341 277 675 81 310 126 230 532 427 204 546 232 452 547 74 432 426 183 283 311 477 317 190 659 428 90 215 432 250 406 136 396 215 397 456 765 222 383 146 352 328 180 475 468 273 1514 623 410 305 422 263 701 402 316 252 850 214 450 48 251 188 182 445 113 870 442 78 497 628 165 263 2039 180 414 412 513 144 720 147 100 524 407 164 539 512 290 35 202 256 347 298 208 734 850 263 787 407 348 1163 506 106 423 603 79 447 162 186 607 430 1022 208 1259 686 147 123 279 411 479 574 1407 324 152 505 
393.522
70000
548 109 211 556 424 182 319 140 186 102 614 262 724 423 50 103 356 396 599 209 195 263 664 308 224 399 117 513 671 129 892 647 657 415 919 154 99 338 183 176 50 555 704 461 504 934 101 266 303 411 142 628 1023 399 556 167 230 318 226 693 274 71 374 165 220 562 606 802 421 729 406 110 290 292 220 136 735 181 103 356 33 284 196 169 208 264 354 485 982 475 208 193 234 934 435 579 820 838 203 107 1179 182 395 270 343 579 403 491 679 229 442 379 824 111 431 174 201 193 612 424 194 571 269 508 274 107 331 303 620 193 691 835 618 838 157 249 38 349 249 395 321 394 144 70 267 477 91 271 1121 578 101 356 838 487 1013 458 392 471 685 252 307 523 525 489 137 498 477 553 580 237 1041 358 482 386 479 136 314 312 273 853 104 542 409 279 426 735 603 911 717 122 586 332 344 985 721 291 1619 252 215 293 432 138 352 308 271 127 47 87 77 370 1044 137 523 58 330 602 471 136 400 250 617 273 554 435 448 296 154 240 357 337 269 303 447 219 213 237 94 444 200 412 156 800 526 153 214 124 63 216 403 206 238 500 796 573 740 162 195 210 679 116 218 118 206 184 96 134 190 299 367 296 809 78 78 749 669 502 454 121 194 529 70 376 552 241 338 195 251 410 178 246 210 107 219 551 200 324 929 1022 149 645 447 208 219 516 245 522 346 200 284 600 505 327 656 584 474 305 98 591 608 348 323 318 272 283 1014 177 375 503 456 623 485 1301 325 321 181 471 545 909 144 349 223 689 173 279 503 176 248 406 273 306 890 1014 742 91 476 238 553 448 381 606 473 774 506 718 377 456 205 266 915 791 1025 188 539 782 372 506 164 203 295 699 357 294 116 326 113 410 1033 464 1060 388 253 127 257 163 516 258 137 440 289 211 444 463 342 182 273 360 293 471 215 381 455 234 329 102 134 263 323 294 254 277 269 248 675 493 329 394 121 887 403 266 722 517 216 461 652 367 233 743 220 217 299 1602 1011 425 206 574 376 546 811 410 550 575 89 441 227 112 382 644 380 923 360 499 945 155 95 299 384 250 377 277 579 102 478 580 318 386 412 164 253 701 313 402 236 228 674 341 232 270 502 185 506 217 234 473 898 474 1241 301 336 407 
401.75
75000
96 336 417 374 272 390 89 113 296 336 942 511 469 94 104 262 366 113 442 63 577 149 794 261 521 420 501 552 320 101 670 1229 509 150 518 129 267 386 258 34 397 169 336 301 432 401 107 328 1305 454 418 158 1235 266 925 53 105 452 575 637 98 358 352 419 209 72 317 485 449 243 417 189 341 225 1035 146 738 488 59 291 148 640 135 80 813 420 584 494 493 716 228 122 443 406 755 615 1052 258 154 332 612 263 98 358 491 638 157 292 74 346 331 299 918 368 222 167 588 393 572 267 116 853 409 230 498 399 248 302 414 230 497 424 902 384 520 177 284 328 227 95 180 258 749 314 146 921 331 163 1348 228 56 303 286 393 2035 463 211 204 558 601 251 1025 332 288 374 365 314 338 752 539 148 175 43 206 567 153 383 109 125 740 89 615 495 72 571 382 896 117 499 173 651 439 309 1394 119 187 849 161 363 98 426 456 136 530 353 413 246 292 92 159 946 179 1137 222 410 362 251 187 159 241 401 294 795 438 425 261 195 1034 755 207 401 1281 684 194 245 144 288 134 186 151 191 173 374 271 526 319 66 180 524 409 622 85 898 848 1763 210 200 119 298 649 258 767 118 151 242 299 843 614 1462 187 370 373 217 380 159 705 1191 401 64 548 38 778 70 162 707 271 594 741 1211 321 257 277 331 1592 294 163 1183 634 138 274 416 235 147 285 310 213 142 369 264 334 808 463 283 243 320 192 152 200 324 196 248 659 1009 279 1162 277 415 773 765 410 582 1237 524 436 352 152 58 769 99 207 424 673 374 144 296 715 256 172 65 231 558 252 1083 816 722 270 466 256 707 30 160 253 390 102 253 245 219 912 874 296 873 231 141 599 224 477 1009 89 216 460 213 425 227 360 720 443 413 963 1142 624 371 238 174 434 363 376 609 748 350 278 661 384 432 247 405 442 255 327 85 423 533 121 365 221 172 400 600 233 673 375 214 769 349 408 264 425 82 314 88 505 332 1323 350 547 419 172 211 206 145 238 264 814 519 583 747 399 88 270 900 69 96 892 678 346 299 229 134 409 628 538 220 415 409 576 95 334 471 846 458 643 831 290 445 257 569 426 957 174 233 494 113 435 202 109 418 557 308 440 236 327 125 241 193 924 366 458 672 707 348 658 
412.958
80000
394 299 187 503 277 462 301 426 95 282 664 719 341 160 280 357 331 197 555 131 151 166 549 459 669 447 362 397 456 435 447 1682 501 574 506 285 327 196 127 92 168 279 49 170 440 718 194 476 950 304 451 415 532 136 108 117 413 127 922 74 433 632 221 698 164 439 434 231 826 261 804 115 253 500 544 375 531 270 63 180 46 380 237 49 810 252 756 941 460 244 110 275 318 582 820 270 1280 886 216 577 499 66 338 391 222 225 308 390 516 470 40 550 1048 428 191 192 442 310 326 167 238 571 354 351 678 802 233 160 794 275 624 449 673 110 682 88 248 290 144 170 329 297 501 777 342 1028 588 64 1222 243 290 483 413 666 268 163 126 230 603 446 111 227 328 406 222 304 281 338 451 250 330 204 391 526 297 527 436 373 285 830 60 296 100 184 905 309 394 259 842 511 187 178 308 767 184 71 612 733 214 416 423 518 390 333 227 394 352 212 254 276 623 475 189 157 331 442 450 269 330 119 432 625 947 754 749 343 102 687 242 300 678 764 159 73 363 158 565 391 208 228 265 1338 411 319 132 492 192 390 1355 140 762 359 1380 77 1271 174 709 268 311 787 257 690 329 409 144 332 621 551 71 1039 667 208 583 440 208 1221 1179 509 178 1407 136 218 26 233 432 311 325 594 425 274 366 249 159 649 557 197 141 872 55 221 864 328 406 468 198 568 452 324 20 101 153 292 263 214 148 61 504 176 461 301 101 537 337 247 364 294 223 741 276 234 319 671 142 541 277 133 238 104 255 274 293 1358 548 294 284 360 367 453 902 256 637 461 1438 326 1476 117 361 339 1049 572 203 134 269 295 330 181 354 141 331 665 445 169 766 334 650 492 895 560 262 519 194 98 245 207 276 174 476 546 308 329 242 91 627 168 925 112 1051 353 212 402 517 273 395 511 245 537 390 110 335 401 659 137 340 140 162 355 406 217 326 103 190 706 205 218 197 481 379 437 86 321 342 416 459 193 814 117 226 632 399 300 299 237 296 55 562 569 450 414 960 119 383 501 347 419 316 145 657 486 655 44 181 189 750 244 237 326 411 368 270 609 225 78 83 231 187 826 1056 388 136 515 278 343 316 357 856 549 821 492 621 605 256 222 296 139 1277 275 588 789 461 527 
403.484
85000
801 314 438 172 832 266 234 185 288 214 973 277 347 272 257 401 526 213 187 175 315 204 476 453 239 364 765 233 804 271 251 568 687 593 224 133 186 163 466 196 63 1255 502 686 527 625 430 393 547 252 426 183 41 549 676 275 342 486 649 479 283 590 209 133 295 333 200 156 257 537 957 56 240 268 716 643 395 265 336 924 26 34 192 258 402 496 749 603 657 168 406 362 783 480 701 216 619 909 265 236 818 510 114 111 58 458 187 229 592 905 1117 385 421 185 105 487 377 322 540 292 166 265 1439 478 890 407 351 522 706 222 152 394 336 148 360 178 217 371 365 309 189 831 261 322 139 542 111 157 349 91 605 226 781 78 602 142 273 55 422 877 94 246 577 569 272 365 118 525 460 802 831 164 439 290 454 525 725 146 797 298 84 514 258 197 735 267 518 481 729 362 61 365 393 312 122 195 1081 645 250 410 366 234 118 388 218 373 358 560 83 409 665 405 269 360 24 649 617 678 375 308 143 188 310 39 434 208 351 303 1184 166 554 296 257 87 1258 302 430 164 203 374 237 1019 232 389 735 646 100 287 1012 271 313 643 524 926 784 413 115 518 833 241 424 636 546 266 296 411 567 928 330 350 76 223 514 268 452 450 983 333 251 488 161 485 399 134 1107 181 368 1066 775 413 262 221 282 416 154 363 1216 622 117 774 745 208 570 248 227 225 371 139 247 443 987 511 179 336 266 247 173 379 797 62 614 231 414 187 348 680 510 433 414 73 815 1595 338 466 641 94 101 293 353 271 148 825 150 781 89 285 77 364 504 85 49 609 730 466 535 138 113 476 484 207 177 1182 419 155 239 130 819 305 251 256 1049 122 369 881 314 120 554 340 392 594 49 517 428 95 417 563 117 702 496 227 245 311 234 1099 660 333 1263 459 182 70 216 248 194 263 519 279 340 56 187 804 553 396 251 396 78 238 211 331 253 184 329 92 607 335 526 401 388 316 401 378 345 835 435 372 1080 245 500 486 302 135 113 1087 372 311 156 990 408 454 728 468 494 31 335 265 930 94 41 294 401 772 291 343 606 644 141 348 152 38 254 936 347 440 911 292 673 557 317 205 373 472 97 319 129 141 672 524 727 492 319 655 91 164 270 175 633 193 977 1012 80 187 
408.206
90000
479 483 342 639 1123 304 412 307 284 466 567 292 532 155 392 351 265 100 135 192 365 309 823 211 199 201 49 598 543 708 628 516 607 723 576 180 273 641 269 429 526 536 792 548 361 444 170 519 318 264 355 746 973 710 670 532 484 268 657 811 488 514 440 358 89 538 501 438 520 375 506 206 466 949 177 648 270 303 187 294 211 748 347 465 808 430 565 288 677 137 225 266 439 1408 476 316 457 649 297 159 169 260 445 210 672 230 596 309 334 512 858 505 554 274 329 215 560 616 471 450 119 188 346 192 140 739 137 937 462 430 678 114 478 99 455 86 63 223 77 307 614 1182 464 76 383 1120 121 354 442 528 476 187 748 350 265 175 203 179 969 87 392 1541 276 429 310 274 405 72 245 488 260 313 223 676 391 222 358 468 233 142 98 609 202 291 1122 368 332 692 1433 462 374 60 332 430 901 202 756 396 413 329 475 388 281 82 484 465 102 163 178 708 526 385 376 221 101 251 664 297 296 204 491 374 1360 693 196 272 186 47 443 598 623 870 217 179 819 93 82 216 157 175 174 625 449 878 264 513 348 159 551 428 163 338 282 136 1130 293 732 563 665 574 159 822 223 260 179 249 271 352 73 434 450 227 282 267 414 66 1259 205 147 484 311 86 397 231 1299 256 346 357 497 282 455 443 298 188 874 205 316 322 102 156 409 219 63 430 349 184 245 240 298 506 1041 225 121 320 228 169 362 292 146 738 417 605 802 544 363 61 541 656 182 196 857 1284 515 672 714 344 139 288 351 256 497 382 1102 276 108 1050 257 296 1127 162 466 311 670 737 551 366 496 133 235 238 186 153 162 685 298 226 175 272 1172 123 511 449 290 121 949 504 730 404 431 1099 88 326 243 247 700 104 904 793 399 116 332 118 186 732 739 608 748 829 265 307 415 229 304 147 170 466 192 178 120 427 773 225 558 94 287 464 340 192 537 90 445 530 292 356 872 563 251 598 346 43 456 657 413 494 755 155 138 389 283 371 237 572 536 772 280 620 120 423 1787 78 333 707 859 1254 650 125 280 439 933 345 319 310 290 415 273 420 400 372 778 866 951 353 364 616 150 527 1221 119 217 357 202 939 422 201 453 182 800 501 389 268 155 197 353 539 651 287 381 817 433 483 
424.016
95000
644 681 108 45 192 825 357 249 310 402 531 809 427 183 226 310 323 247 273 47 59 507 528 430 921 318 256 439 419 463 415 812 334 276 269 186 75 392 307 92 313 992 921 1160 229 434 268 430 1030 103 422 556 633 578 1056 220 197 420 710 280 297 408 402 343 182 718 242 190 507 928 1082 259 252 219 318 994 582 296 313 638 103 162 343 59 733 436 369 583 1026 77 288 443 332 236 554 371 498 804 255 185 910 311 438 363 233 550 159 151 390 138 470 136 422 283 215 371 639 359 303 340 525 449 665 207 561 901 363 570 431 584 282 1094 702 635 449 190 216 457 283 30 420 193 1301 240 557 725 97 206 359 274 296 378 1332 370 524 192 474 410 1171 87 287 682 357 658 97 154 289 126 160 541 481 260 518 247 367 182 445 182 170 793 138 691 223 330 369 671 391 366 286 97 340 354 387 967 379 286 827 140 36 586 388 432 179 186 588 712 525 212 236 263 129 257 1231 178 308 398 888 407 167 476 381 684 302 197 797 939 318 817 205 79 265 1475 298 156 564 358 287 277 140 164 84 471 597 414 274 1316 215 107 823 132 783 756 1096 1183 979 121 339 474 653 649 84 744 298 270 260 479 288 226 831 130 276 32 149 313 294 275 532 336 74 343 102 384 257 249 133 168 1108 1269 351 321 129 218 378 167 404 322 924 304 182 244 241 363 381 212 223 281 423 361 273 333 359 443 323 66 433 336 298 111 559 830 764 314 533 298 1120 622 153 514 427 465 704 1334 626 327 151 161 289 467 257 322 374 1114 393 652 255 199 186 433 1322 413 103 236 478 515 964 241 194 461 795 343 254 625 195 328 286 471 241 528 723 668 741 37 157 374 849 279 424 406 319 296 409 281 251 658 1108 744 1178 604 519 795 351 129 338 1028 641 416 163 630 444 634 144 511 392 195 301 239 33 286 145 416 509 311 514 106 192 238 57 410 434 327 513 554 815 114 85 310 645 475 348 287 927 1514 505 771 261 294 319 551 115 530 100 466 153 675 184 1075 38 373 2066 273 588 320 1165 668 1040 310 255 496 256 433 236 391 418 117 295 370 361 229 488 813 329 108 175 932 1011 238 815 65 116 842 195 339 206 105 579 395 647 999 350 657 148 285 331 892 751 172 570 325 179 113 
430.376
100000
418 191 595 378 227 309 236 246 388 158 640 402 203 245 397 759 480 249 438 184 522 349 1106 233 840 585 203 438 374 419 989 146 617 644 252 278 279 424 51 311 172 277 511 78 206 848 46 231 672 350 126 480 253 742 267 83 342 363 311 672 453 701 395 224 326 160 553 118 333 327 250 372 263 152 576 449 778 137 299 416 17 692 114 156 396 377 525 202 354 539 547 282 362 354 262 219 508 829 252 514 689 115 365 168 350 268 129 302 87 113 318 383 711 251 553 402 467 167 425 565 569 367 652 300 827 462 205 171 266 409 579 891 503 476 486 111 197 458 251 230 327 921 111 625 454 826 295 369 965 126 304 679 772 145 1214 257 629 362 359 521 264 667 194 381 140 590 355 673 385 302 391 46 224 77 248 459 522 137 140 292 108 154 112 562 223 525 414 1035 560 390 411 77 274 355 252 113 344 937 100 285 543 523 82 647 412 347 186 310 398 299 57 374 432 299 274 139 193 294 266 112 769 229 972 376 990 557 165 164 141 76 229 357 591 499 733 332 194 459 295 172 530 853 327 436 172 396 452 495 638 284 596 471 224 658 378 224 433 358 498 365 91 581 297 195 294 102 485 377 244 410 806 82 441 382 821 131 747 367 173 414 50 151 170 336 544 199 1072 199 987 624 231 87 497 878 321 670 590 1155 206 357 365 338 244 269 754 392 422 241 400 385 487 354 286 105 669 337 360 95 205 191 325 572 1226 283 126 226 224 147 1136 507 860 1781 610 232 701 190 91 685 109 120 475 1137 307 543 548 771 315 307 320 310 384 165 400 463 781 263 310 158 1210 429 174 361 302 116 279 77 708 369 776 93 790 164 105 289 701 523 196 589 126 292 53 486 346 398 448 581 337 494 639 117 119 129 307 311 547 510 998 681 262 292 331 377 160 180 466 404 134 309 174 748 329 382 842 223 283 275 146 191 235 493 506 370 594 189 563 352 147 490 492 434 536 592 411 265 921 216 210 285 234 129 151 809 235 564 188 1083 312 270 1448 79 422 366 908 859 1936 528 349 246 592 760 399 627 386 261 259 318 604 348 475 721 993 145 103 675 847 446 323 447 322 447 106 397 36 398 399 426 248 247 436 458 185 419 85 137 1526 1046 1030 727 301 173 
407.304
