500
32 64 31 22 24 35 41 20 51 40 41 33 17 73 41 62 17 20 50 28 32 17 19 16 20 57 59 53 67 24 18 27 35 45 24 42 39 23 45 31 37 9 61 31 57 41 54 44 21 25 30 35 53 37 45 34 50 34 59 23 44 25 27 21 32 54 32 39 31 41 26 45 62 27 40 22 29 25 45 68 42 45 29 67 66 15 24 29 64 18 39 27 17 34 34 42 68 26 27 35 33 14 28 26 15 27 13 44 40 30 34 32 16 60 29 24 21 20 38 30 17 24 24 20 10 21 33 30 33 29 16 42 11 24 21 19 16 27 43 15 46 18 17 14 58 65 14 34 29 31 21 8 21 20 23 32 26 16 16 20 26 27 35 39 44 28 39 43 37 13 20 23 53 60 8 64 35 11 16 31 47 33 52 52 47 26 27 23 59 31 47 20 29 74 17 29 41 13 39 16 45 34 51 36 28 42 50 39 33 22 70 19 37 25 43 46 37 18 38 56 21 25 24 25 20 25 25 13 51 36 13 38 20 24 12 41 22 15 51 19 23 26 37 23 58 20 59 23 26 21 27 11 15 44 37 42 25 28 52 31 24 65 34 21 21 40 38 37 50 19 29 25 50 35 18 36 38 17 50 28 60 28 16 21 27 25 38 39 64 35 33 32 27 26 53 41 30 20 16 41 36 37 24 24 17 33 35 40 36 42 29 20 15 35 28 41 40 37 67 61 14 24 55 36 16 48 56 18 72 18 23 52 24 19 23 34 41 8 24 23 21 27 31 23 25 53 71 58 20 25 13 34 33 14 54 18 20 9 38 18 38 34 32 18 18 62 13 15 33 19 32 25 33 51 20 17 32 23 44 72 35 48 41 37 58 37 30 51 23 40 40 43 24 40 48 17 34 44 30 55 22 44 27 23 29 66 44 36 35 22 15 29 21 17 50 29 31 31 37 32 33 63 34 38 17 29 34 25 55 29 70 37 54 27 20 51 44 34 75 29 30 31 20 29 26 53 38 49 18 16 17 12 49 24 12 24 21 37 37 59 27 42 23 26 31 47 17 34 12 19 37 22 28 64 19 22 41 66 51 52 24 30 28 25 10 34 24 23 28 30 21 81 65 36 45 30 15 35 41 32 
33.254
5000
85 59 34 74 21 60 75 53 40 27 54 27 39 42 43 43 21 17 23 39 20 45 33 23 30 68 60 40 30 33 30 66 29 53 35 61 28 29 30 47 41 27 58 43 48 39 110 71 20 58 43 54 18 58 50 46 27 35 25 29 35 31 20 54 65 23 38 41 25 19 26 42 86 53 30 53 93 53 43 35 72 56 71 43 45 51 32 34 31 59 70 32 20 31 82 64 82 59 37 47 60 93 103 69 38 58 33 26 86 26 80 60 62 25 31 59 15 30 53 32 26 46 42 69 16 40 39 75 43 28 32 40 26 78 26 32 70 24 34 17 32 46 69 32 61 48 65 60 42 30 30 48 52 103 79 24 43 56 19 40 43 50 37 29 21 41 49 35 37 19 19 43 61 63 33 29 58 30 31 18 84 21 19 53 35 30 56 49 42 74 62 31 20 107 34 73 25 76 32 43 27 31 40 39 47 36 54 32 29 24 84 46 26 39 43 81 23 23 101 87 57 46 48 45 99 51 29 54 59 125 102 34 45 61 33 26 22 31 27 50 51 55 61 44 50 65 40 51 44 31 30 23 40 54 56 32 32 45 51 46 28 78 46 28 27 32 69 78 66 91 91 24 42 39 15 74 35 52 52 75 68 59 32 38 95 75 59 31 52 47 57 79 48 34 62 49 62 45 48 95 75 28 45 58 47 47 67 57 43 47 19 43 45 45 37 50 46 21 25 55 45 40 61 31 29 35 22 103 19 45 67 44 29 46 55 55 77 40 48 29 58 32 26 32 25 43 36 35 49 13 50 35 34 22 29 20 49 26 82 63 53 94 106 19 46 43 32 41 76 24 42 49 76 80 39 104 59 43 49 21 53 79 24 46 20 18 33 40 38 38 50 46 47 58 30 30 43 22 16 115 126 96 53 39 37 73 50 71 20 41 54 54 13 21 99 83 29 29 41 54 14 70 49 86 20 29 33 31 50 49 33 62 43 54 41 49 84 20 25 37 57 46 29 68 38 32 65 52 24 65 34 13 54 63 72 46 19 27 54 38 26 37 45 13 38 16 44 50 37 18 68 95 60 61 40 30 28 20 27 18 42 36 48 50 98 13 42 48 35 54 39 48 32 25 60 55 89 35 41 34 
46.18
10000
110 19 75 97 49 102 29 87 82 48 70 73 59 34 43 66 64 23 27 27 88 34 38 27 13 101 47 57 27 50 102 69 54 49 39 32 49 60 92 69 46 26 69 69 39 91 30 57 91 32 23 87 94 40 70 48 28 51 23 82 39 20 44 63 47 34 52 24 80 80 35 85 48 20 36 20 48 111 29 48 55 71 54 44 59 29 58 12 84 58 35 30 52 76 43 43 20 41 41 40 50 35 49 33 74 45 76 38 52 45 29 43 18 65 43 68 22 39 66 54 40 57 45 102 23 69 55 43 38 24 57 66 59 38 54 45 20 21 79 33 23 52 64 29 67 54 43 13 43 54 34 37 40 24 24 57 36 30 28 37 22 50 52 31 67 94 30 32 49 23 55 36 74 38 22 34 62 21 38 47 55 52 48 64 37 54 26 63 34 31 34 24 34 70 125 32 32 34 70 69 57 24 36 55 52 24 30 41 57 37 29 81 25 88 21 23 27 34 86 57 19 64 54 68 27 103 46 72 55 55 102 34 86 39 52 69 62 26 91 19 42 56 46 30 54 42 50 48 59 19 30 29 45 72 56 32 32 31 28 40 76 75 28 23 27 41 28 41 53 51 89 74 48 42 44 36 57 50 61 72 81 28 65 25 53 63 106 20 33 33 28 75 74 20 25 30 62 104 44 43 83 80 67 30 45 55 84 31 32 49 42 41 69 45 59 93 37 78 70 55 32 40 26 25 76 72 45 32 43 51 68 73 44 51 35 71 61 36 69 23 17 28 55 98 31 85 36 36 31 26 41 19 96 91 90 20 60 20 45 47 120 81 71 73 58 75 41 37 41 48 43 92 70 53 27 62 46 50 74 97 46 72 73 34 54 56 102 36 77 30 27 46 42 44 80 47 28 42 75 90 42 19 40 49 41 127 29 36 46 32 74 24 68 43 89 38 49 52 58 68 36 22 40 61 47 31 68 37 41 56 42 39 49 28 47 80 42 32 63 29 49 40 46 57 53 73 26 27 23 36 35 26 46 21 52 55 40 50 64 49 53 47 28 37 34 77 53 28 23 21 28 50 82 40 12 42 29 41 42 58 49 79 80 45 93 25 56 111 122 41 30 46 36 43 58 51 69 17 51 49 
49.91
15000
26 59 43 79 28 60 62 93 57 76 48 28 23 37 60 51 44 39 51 61 22 61 56 122 18 29 65 40 91 69 17 40 36 28 55 47 36 38 57 83 75 56 31 38 30 60 99 25 21 33 50 15 18 109 54 66 52 33 49 31 51 48 63 47 42 60 21 93 66 56 54 25 46 38 34 41 69 70 33 40 48 29 48 32 67 47 32 107 69 136 44 36 50 62 21 21 62 93 52 135 46 35 21 43 24 64 65 25 16 82 33 31 28 39 39 16 83 27 92 31 34 38 44 36 60 30 59 60 121 27 62 30 21 58 16 50 80 75 31 26 35 24 69 72 47 51 31 43 29 49 87 31 34 66 58 70 38 26 35 59 49 58 39 43 35 97 20 49 107 60 41 35 90 28 38 28 32 75 28 48 98 49 42 78 60 42 29 68 117 50 51 81 55 26 100 45 63 48 49 25 41 31 71 73 67 40 37 69 23 40 89 113 37 83 88 78 18 46 60 89 42 52 45 72 47 76 39 72 107 90 78 83 54 36 73 72 75 35 43 19 56 33 43 34 53 73 25 75 35 105 57 60 23 65 24 25 58 54 146 75 33 54 74 55 91 27 84 42 60 33 85 83 52 78 22 42 42 56 50 62 77 34 30 26 28 67 62 76 78 28 117 71 71 61 51 29 65 152 80 66 79 48 75 55 44 84 54 31 83 82 38 88 25 51 108 43 32 26 47 55 33 36 34 84 74 65 74 58 62 63 25 37 40 41 37 44 52 28 57 28 49 19 105 76 37 30 47 35 102 45 87 41 29 91 71 25 25 57 54 36 36 39 50 67 21 68 150 27 15 45 55 33 36 29 39 38 86 18 83 64 66 40 42 45 31 62 85 110 29 39 24 69 41 38 53 22 31 41 17 43 42 29 67 81 34 42 34 30 114 75 45 79 21 35 78 78 50 39 86 71 54 54 38 25 62 27 72 31 77 68 84 53 62 69 122 24 20 38 60 29 78 38 32 53 40 33 22 41 63 45 44 24 14 36 46 34 45 77 23 122 48 53 34 16 109 43 19 59 42 19 56 71 36 49 64 93 34 53 51 65 56 73 64 30 38 46 44 39 51 57 39 76 45 111 20 22 25 38 50 72 
52.478
20000
100 59 53 39 51 99 63 39 58 20 88 88 37 37 43 38 20 55 105 34 17 60 72 37 21 17 68 41 64 49 99 100 23 18 38 38 52 44 68 34 53 70 53 53 22 102 29 70 25 61 34 22 34 67 30 48 51 28 34 32 65 111 56 41 65 90 50 52 66 38 110 46 32 76 53 80 34 28 83 45 41 20 43 50 23 79 30 51 65 54 67 35 33 59 71 68 25 80 15 82 29 45 55 43 106 66 78 32 40 26 32 66 30 22 56 25 22 107 48 41 71 58 50 59 62 22 50 50 83 63 45 84 36 57 48 41 57 43 48 28 11 25 40 41 32 40 35 33 33 33 104 25 22 48 36 34 73 61 48 51 48 38 54 52 40 15 51 16 47 64 41 37 47 47 25 83 83 64 44 66 29 56 54 33 25 39 32 76 77 69 51 51 48 77 67 77 53 73 39 43 59 67 55 85 51 78 71 44 48 87 28 49 73 34 82 56 19 38 77 79 25 37 36 45 35 24 65 129 45 63 34 101 66 21 58 66 60 60 39 22 26 13 34 39 44 155 39 51 38 104 45 45 61 27 45 31 46 24 106 37 45 89 77 27 60 57 31 61 57 75 70 68 56 112 23 138 42 24 59 64 31 51 33 26 58 67 40 36 28 62 25 77 50 64 66 43 33 61 26 33 99 38 38 35 71 38 26 39 51 64 40 51 75 69 99 74 30 49 52 68 41 41 99 90 53 34 58 43 126 46 34 111 66 19 90 86 53 49 59 43 55 40 37 47 49 35 74 93 68 63 26 33 70 38 64 73 26 55 32 49 70 68 94 38 75 66 56 29 50 30 21 55 78 71 44 105 44 55 34 32 100 74 97 59 119 46 28 46 50 32 54 31 69 54 53 47 24 36 78 30 91 39 49 78 54 38 115 35 88 26 40 49 58 77 69 81 25 29 44 54 83 55 64 58 52 22 21 36 61 51 33 24 54 41 33 63 50 38 60 15 30 31 93 29 42 24 24 64 64 59 37 25 32 26 24 31 62 52 24 50 66 45 107 14 41 40 99 34 71 20 95 72 39 28 37 27 30 21 26 64 125 50 18 36 92 52 67 61 72 32 42 68 33 51 91 52 115 24 45 68 
52.248
25000
24 74 102 88 178 70 48 85 59 20 79 45 47 56 73 105 38 41 91 47 14 53 110 45 81 50 35 96 72 27 55 130 56 55 42 93 57 38 36 19 62 47 40 125 38 60 118 41 71 49 46 59 121 29 30 28 71 66 83 41 35 31 93 75 78 80 70 45 25 44 21 116 92 87 81 85 63 62 57 67 70 26 106 40 33 27 108 61 53 26 54 37 29 42 34 46 47 97 49 72 54 43 40 89 100 54 71 35 41 62 54 72 20 57 48 39 54 21 121 47 73 32 29 42 65 74 21 28 68 72 20 102 34 48 111 45 19 26 49 31 51 38 59 57 38 48 54 34 35 59 69 48 55 34 89 72 29 98 57 61 80 66 58 83 89 48 55 34 34 90 60 20 102 99 42 46 34 84 57 26 34 38 36 35 32 63 76 91 53 36 39 31 51 23 123 52 25 74 58 68 81 62 70 67 21 40 47 93 51 32 105 53 33 153 41 54 85 57 92 45 82 50 30 109 30 64 32 31 77 87 25 100 71 47 63 58 86 63 72 69 74 39 112 39 27 60 51 25 60 61 54 68 55 38 33 35 54 73 57 54 59 50 66 146 45 32 50 61 26 102 60 29 54 83 25 32 42 48 101 77 88 107 40 26 93 43 37 39 31 29 30 47 85 61 90 82 52 39 57 32 32 53 46 33 41 39 62 60 74 24 47 87 50 203 53 55 31 30 48 52 27 86 59 66 77 77 68 110 41 58 44 44 90 38 53 56 94 59 32 24 16 54 38 121 86 62 42 71 53 41 34 44 22 56 44 65 37 99 37 34 42 47 53 74 65 50 88 58 23 30 54 50 67 47 32 93 24 22 85 127 78 58 37 18 20 64 70 76 63 128 51 62 25 96 70 39 36 56 35 79 80 95 34 18 49 62 81 34 73 26 48 43 99 98 40 50 74 41 62 80 44 42 27 37 30 21 60 41 59 32 61 75 34 29 55 73 71 89 41 64 54 61 48 56 64 36 28 68 54 62 43 33 56 38 77 28 28 40 56 28 66 47 54 35 72 38 36 42 49 64 30 45 105 28 58 56 22 126 26 34 79 36 47 105 47 23 72 62 105 56 81 41 56 77 120 57 67 56 50 38 
57.132
30000
44 51 39 31 83 72 95 72 111 41 107 57 35 58 103 42 28 80 22 95 95 50 50 38 117 37 39 91 67 39 79 98 47 19 45 42 52 19 83 46 20 62 69 77 73 36 102 95 42 74 30 104 64 119 16 35 62 84 70 67 55 97 38 102 112 61 58 75 56 149 61 144 88 64 37 105 31 71 76 50 49 32 92 78 33 17 67 94 72 64 108 70 95 50 25 103 27 60 55 43 37 62 34 67 93 89 74 35 64 51 103 90 65 81 48 74 56 99 76 53 88 85 68 45 64 22 34 81 36 64 34 69 24 92 27 48 28 95 54 24 39 29 77 75 48 74 44 66 55 43 39 29 99 49 63 62 46 40 61 76 70 62 72 57 22 57 180 67 88 54 29 53 71 87 54 52 65 73 57 61 89 93 52 76 105 24 88 91 59 55 48 89 59 25 57 60 50 39 58 75 41 25 45 27 51 28 88 103 101 49 95 34 66 34 55 30 51 34 94 20 33 48 32 35 33 66 56 53 78 34 72 100 46 19 28 40 58 27 32 25 50 24 66 48 79 78 73 43 94 61 54 26 24 87 72 35 43 28 53 29 91 87 46 171 22 41 36 42 48 67 27 85 85 46 33 58 35 42 75 57 67 35 25 24 64 76 81 46 58 54 90 45 90 32 95 37 45 29 21 58 50 58 23 72 24 28 24 52 39 58 55 63 80 48 67 38 28 23 59 47 67 33 46 43 35 68 57 50 26 41 35 62 130 38 57 74 36 26 20 32 70 36 87 117 44 40 66 110 88 61 67 37 21 41 48 34 29 22 32 50 123 54 33 66 41 54 67 64 50 33 43 59 27 62 50 75 47 101 39 42 84 60 67 23 28 65 63 22 55 47 51 64 21 60 76 48 28 34 56 98 70 79 50 77 149 59 59 53 137 45 46 60 38 43 97 59 55 45 65 48 30 47 80 71 37 79 71 118 22 57 27 45 57 68 32 166 29 42 63 103 60 26 79 99 42 35 36 34 60 64 110 49 31 47 34 62 75 40 50 27 73 129 46 111 67 77 82 80 34 46 74 29 131 65 27 49 40 69 24 68 32 89 42 64 61 29 74 51 32 103 82 85 55 45 47 35 42 31 64 71 
58.516
35000
98 32 39 21 32 32 47 48 47 97 64 41 84 23 79 103 23 58 62 19 46 35 52 33 25 56 74 118 69 58 56 59 67 31 25 109 75 78 47 16 64 59 83 56 38 77 54 26 53 51 34 54 37 48 25 43 45 27 52 66 50 61 21 48 53 54 48 49 75 22 102 28 47 95 37 47 41 62 134 46 38 54 100 35 26 19 102 35 26 42 62 39 47 35 59 66 75 29 41 52 35 72 51 64 49 106 38 37 70 41 91 70 32 28 46 67 62 72 75 68 41 86 91 112 43 43 43 83 49 29 89 24 55 48 70 94 58 60 92 62 32 94 126 61 59 43 86 53 51 85 38 58 32 72 72 43 33 62 128 51 33 48 34 38 170 51 53 25 36 67 28 80 53 41 89 96 58 53 25 49 74 38 59 32 27 21 38 33 45 109 52 34 79 38 37 85 30 45 51 27 89 63 63 62 64 26 46 39 82 25 56 28 58 27 39 106 61 72 55 38 43 28 81 64 36 27 34 69 65 79 42 43 47 27 42 121 56 40 46 44 66 40 39 52 87 60 46 47 42 67 76 47 50 65 38 74 38 27 94 54 67 74 53 44 57 100 34 38 44 28 84 26 63 93 121 71 26 50 142 29 57 21 92 23 40 33 32 66 60 43 73 92 23 34 80 80 47 37 54 66 69 77 52 71 29 20 29 38 53 47 36 42 51 28 42 47 52 68 27 49 33 41 95 37 24 51 59 50 46 30 47 44 70 91 41 33 102 55 32 54 42 41 34 28 51 45 43 58 100 31 42 25 61 41 21 52 41 65 52 71 95 28 42 91 62 58 163 29 26 52 87 99 30 60 44 53 58 64 25 38 71 101 73 21 77 75 60 48 55 102 38 97 26 109 28 39 64 31 52 100 42 42 82 86 66 50 79 27 27 64 80 87 40 44 47 35 99 124 31 29 24 39 32 67 31 60 42 36 88 90 55 73 22 109 60 39 38 46 101 32 98 22 47 26 82 35 83 25 47 80 89 33 38 65 69 97 49 29 29 77 149 94 83 43 24 86 44 99 58 67 36 52 46 88 37 80 49 24 82 49 78 21 118 48 115 51 52 50 30 87 55 29 97 92 46 108 74 47 33 94 
55.988
40000
27 62 122 45 31 95 62 41 78 51 37 82 76 45 35 48 58 91 97 37 29 27 52 65 63 83 68 43 60 41 29 20 54 86 26 122 69 84 71 28 76 31 54 61 45 64 42 32 107 33 38 67 67 45 38 25 77 26 27 47 28 76 83 60 75 49 51 92 42 40 60 32 71 29 47 41 39 22 65 63 32 22 58 43 46 61 39 39 59 38 39 46 52 48 66 53 34 94 51 104 58 43 108 28 24 79 25 38 26 16 76 27 103 30 27 50 34 48 40 48 27 113 38 56 34 30 55 36 75 40 48 76 65 42 81 136 62 36 48 12 110 102 84 66 80 76 39 34 28 52 69 37 27 43 116 50 73 110 25 105 85 183 68 64 101 71 28 49 59 58 58 101 79 64 123 71 47 32 80 54 32 79 47 40 64 62 45 31 47 34 27 43 54 62 68 115 65 38 67 72 64 58 35 98 47 29 23 43 128 29 78 57 39 57 90 73 44 49 73 100 31 24 81 40 34 35 53 38 39 33 31 25 53 71 84 55 47 33 215 18 76 60 54 85 40 80 36 81 45 57 47 46 114 45 50 25 52 115 65 66 42 61 87 77 38 77 46 61 33 13 28 24 25 99 35 92 71 80 29 74 88 38 114 38 104 20 52 42 48 67 48 52 45 86 20 47 43 48 19 48 82 50 40 61 44 86 50 54 28 38 52 81 53 33 48 52 22 24 132 80 20 32 50 93 33 35 66 51 45 67 40 55 64 28 55 58 84 96 65 25 71 11 54 70 81 59 40 103 37 46 57 36 58 63 74 28 87 45 79 32 113 51 62 154 94 88 37 40 68 56 78 27 45 129 22 128 50 40 34 98 43 33 91 26 48 44 74 58 51 57 37 74 95 47 88 42 56 100 22 38 33 64 47 121 81 59 37 60 40 52 56 88 67 58 29 81 37 56 121 25 23 35 99 68 33 30 96 156 31 28 65 58 34 48 58 110 58 36 65 48 65 16 69 43 87 124 80 87 32 29 29 29 62 62 57 58 92 57 17 85 79 61 61 59 53 27 46 67 131 42 149 50 58 58 38 56 86 47 46 37 38 41 80 69 74 133 102 43 64 37 37 85 41 37 95 28 67 63 79 27 
57.834
45000
53 95 43 34 102 68 39 58 63 70 32 29 82 61 33 32 17 48 37 34 32 23 43 53 25 19 48 86 93 47 56 53 102 45 142 36 69 38 58 41 71 57 97 114 56 32 52 111 61 66 58 37 51 45 82 36 69 40 79 82 66 71 50 63 66 57 34 58 67 33 67 86 48 51 42 73 51 39 86 27 96 44 54 90 49 81 44 41 77 53 40 85 62 116 22 58 32 39 31 94 35 21 24 26 46 45 34 20 28 61 37 48 30 53 33 50 140 46 25 84 32 35 28 37 33 46 58 77 34 36 21 76 64 51 72 38 31 45 72 24 45 41 102 63 29 22 37 43 35 31 43 29 55 98 33 79 37 31 46 31 94 74 32 64 47 35 78 42 70 80 60 24 40 68 53 56 41 43 50 51 74 44 28 32 33 71 55 63 37 29 75 27 27 32 43 55 81 45 39 58 43 135 58 112 62 46 45 20 26 68 29 39 44 61 82 38 28 20 36 181 51 69 72 94 30 57 107 91 43 28 87 32 85 15 30 84 58 24 42 24 33 43 33 119 26 114 64 49 28 30 26 30 44 47 40 47 51 48 27 33 77 42 56 34 42 52 71 36 67 54 48 92 29 23 89 72 67 40 95 44 37 58 83 32 107 74 31 43 53 32 32 109 30 33 50 41 63 24 37 95 51 108 70 44 70 36 68 47 34 45 97 109 49 55 47 52 93 24 41 41 31 75 47 58 133 75 74 71 55 25 57 46 105 64 83 40 133 52 47 61 64 72 43 55 88 39 111 62 49 32 50 17 41 39 46 48 41 65 27 73 21 31 83 34 46 48 47 28 65 36 38 88 68 47 29 90 35 56 54 53 68 73 103 44 26 103 66 53 44 83 111 58 45 55 51 54 88 24 50 33 108 32 90 24 44 112 18 53 66 53 51 29 75 29 39 34 36 68 32 47 98 36 18 102 32 35 64 35 94 46 30 51 88 63 99 72 90 74 24 50 70 73 37 109 27 14 20 49 104 44 39 42 25 65 66 61 41 59 36 70 81 46 23 87 51 44 37 65 67 42 71 130 69 55 48 49 69 89 31 66 38 30 44 90 52 46 30 39 21 33 49 48 43 55 45 29 58 27 65 24 
54.316
50000
16 66 24 69 27 68 28 36 50 40 38 71 49 63 105 43 62 41 116 41 32 24 34 81 27 57 32 47 49 31 98 99 47 40 113 113 41 46 55 65 120 73 36 29 58 50 35 66 47 89 32 21 25 78 92 14 42 37 32 204 97 100 164 48 49 48 27 88 74 87 74 49 78 64 42 78 34 43 37 45 49 66 28 69 42 37 85 43 104 56 44 75 31 70 32 75 141 66 51 88 68 40 73 42 45 32 144 30 52 57 33 95 101 72 85 56 25 23 44 25 42 102 78 25 51 71 47 78 84 61 48 65 66 51 114 74 58 128 76 23 64 24 50 55 24 29 49 34 86 41 45 40 76 65 135 63 49 51 72 78 55 27 43 92 45 89 106 58 72 59 62 37 145 50 84 77 43 121 26 53 78 90 111 53 43 56 82 90 56 52 50 87 51 43 92 91 41 69 67 37 42 34 59 72 61 35 32 74 74 67 49 59 48 40 31 52 45 51 58 59 37 58 25 43 47 33 38 46 50 42 102 56 24 24 62 63 35 37 27 39 38 48 28 46 67 75 43 18 84 47 68 56 38 37 42 32 34 40 86 45 42 43 40 87 38 58 32 47 79 46 92 26 28 69 74 42 91 50 50 76 56 29 58 56 32 48 36 40 21 16 35 56 45 49 37 63 85 30 95 78 56 45 34 36 102 96 107 41 56 129 43 34 79 36 32 49 84 75 59 76 78 31 37 61 88 45 124 86 51 23 50 76 58 61 112 47 65 31 46 29 21 28 32 23 49 47 51 60 111 18 33 102 70 37 105 47 62 48 64 45 46 41 99 67 60 44 77 46 43 56 41 33 135 111 152 56 26 75 72 42 35 84 109 41 46 49 109 59 42 20 95 98 75 33 39 47 60 52 89 26 47 36 32 85 29 80 33 45 46 64 73 74 31 63 67 43 55 60 50 27 48 40 74 54 97 37 87 60 43 81 81 72 46 74 25 125 47 55 40 65 49 83 74 109 70 59 82 55 40 57 57 37 91 34 76 33 68 36 131 41 87 111 79 55 66 43 40 60 36 66 53 66 64 44 43 58 17 60 28 22 27 105 56 35 37 66 77 37 96 41 55 21 60 50 33 43 29 46 37 58 
57.894
55000
37 19 32 84 25 37 53 45 63 26 37 26 38 68 30 50 45 49 49 73 55 66 99 87 59 82 137 77 34 134 22 65 31 49 75 31 72 96 86 26 61 19 78 50 65 49 55 62 33 49 46 27 49 34 51 30 67 17 62 54 74 60 68 44 47 90 28 54 123 88 55 48 51 97 43 62 44 81 35 45 63 51 70 37 31 86 96 44 38 37 164 40 108 35 46 30 39 124 63 36 93 48 44 59 54 59 71 16 60 83 44 72 62 79 50 87 74 81 54 34 46 33 58 20 20 83 79 67 36 40 106 72 91 40 79 70 29 26 30 48 113 59 112 88 83 134 47 63 28 22 36 59 45 47 52 109 77 41 46 29 119 34 46 78 63 80 37 27 96 67 30 78 46 47 44 74 65 53 42 60 27 65 43 46 48 43 83 74 98 37 157 33 54 42 29 53 41 44 52 81 62 79 85 59 37 56 93 27 76 44 48 41 48 97 49 31 98 27 62 109 21 30 44 29 44 36 98 51 67 22 37 59 79 41 59 65 32 62 44 36 60 32 53 48 109 48 96 83 25 35 28 43 80 30 51 57 68 25 41 29 50 98 46 64 67 57 64 44 51 66 80 61 70 23 23 40 38 92 42 80 34 52 80 66 71 79 54 33 92 89 57 40 47 59 32 52 64 62 38 61 45 35 36 32 113 70 142 56 37 99 26 51 35 66 78 47 63 61 56 121 79 80 21 72 111 102 73 59 34 44 70 31 76 23 42 44 82 40 76 18 114 37 81 121 38 51 53 81 38 53 49 77 98 68 27 48 48 32 108 43 75 71 52 57 52 45 64 71 56 58 48 75 30 81 30 56 25 34 40 91 81 34 61 33 56 49 60 67 64 67 52 36 77 46 157 91 54 91 89 71 66 78 69 25 110 90 122 30 48 87 27 63 70 36 89 69 73 35 75 78 55 29 27 69 74 62 94 130 61 83 32 35 54 38 74 74 48 35 40 35 38 24 84 58 63 66 50 82 68 27 86 37 26 46 54 80 47 43 47 84 39 56 67 41 49 28 76 48 39 52 23 33 148 48 39 40 42 61 28 96 39 32 39 52 105 38 64 44 68 61 106 99 54 94 45 26 31 28 60 26 
58.178
60000
47 65 68 60 58 49 30 52 44 41 49 33 50 69 65 79 32 62 85 47 42 89 31 69 78 55 40 69 66 40 66 52 50 138 55 30 31 103 45 66 50 29 35 79 42 47 30 45 29 43 35 46 60 123 80 18 29 82 35 29 88 62 36 28 21 50 37 88 60 30 73 32 44 37 20 32 111 33 46 34 42 37 62 43 65 49 29 50 39 60 49 69 41 37 40 46 64 55 30 47 106 81 47 42 38 58 60 54 78 62 62 56 45 30 63 52 46 21 57 82 53 70 32 87 70 44 34 44 58 32 43 50 39 62 26 46 78 39 120 36 93 21 60 69 71 28 36 72 62 60 65 50 57 96 43 36 50 25 44 43 57 84 68 42 34 27 55 38 55 25 45 83 29 67 72 81 30 58 35 113 49 43 72 95 34 32 53 67 61 26 80 41 40 79 45 74 81 28 55 39 24 72 30 20 20 50 122 41 42 88 68 55 83 75 58 44 53 22 126 38 60 32 62 47 23 120 27 70 86 36 70 123 104 15 37 63 65 95 39 16 74 28 94 29 50 46 48 54 30 96 26 43 75 79 71 42 58 99 49 70 17 76 43 59 70 61 81 77 64 64 81 22 46 28 73 48 46 43 46 49 124 106 61 48 37 76 20 49 56 36 48 107 58 37 55 85 40 108 28 57 108 66 76 132 67 42 49 31 141 53 72 54 69 42 92 96 73 32 87 105 85 26 85 29 54 95 166 172 121 69 69 54 76 49 63 76 39 67 31 53 100 40 54 39 126 29 44 58 106 38 42 42 46 25 36 23 54 80 33 46 55 108 54 60 108 50 68 52 65 87 27 54 94 72 18 29 53 69 58 31 38 63 24 52 80 28 38 94 46 28 40 59 49 30 84 39 59 27 42 52 29 74 25 84 67 90 38 37 33 21 77 42 97 44 75 88 53 45 21 59 19 71 77 40 43 80 38 41 60 41 40 73 77 31 47 64 37 94 76 33 94 57 48 59 63 114 99 23 32 101 83 56 43 55 37 87 96 40 30 68 51 34 107 39 26 58 78 31 64 34 72 32 76 58 105 44 85 61 70 60 144 30 42 67 43 79 50 31 63 34 100 75 24 29 117 38 71 46 140 29 
57.168
65000
29 61 60 115 58 40 42 24 32 66 44 42 78 29 32 22 39 68 43 60 30 56 41 138 34 58 89 98 57 92 47 88 33 36 93 76 85 68 74 37 81 44 28 53 52 91 96 20 61 73 84 38 50 38 47 35 81 18 33 39 56 49 26 44 71 41 92 16 33 43 84 74 88 45 45 52 45 41 60 78 35 71 19 38 122 32 27 26 57 84 60 37 84 83 23 37 37 67 32 39 55 38 43 49 52 36 49 24 59 27 42 58 28 30 35 101 76 49 48 86 25 38 64 91 47 53 49 34 55 54 26 76 35 33 63 89 64 34 41 43 28 28 82 61 64 55 53 80 52 73 70 39 106 60 67 33 35 36 27 121 45 35 38 103 72 63 95 55 52 54 79 71 35 58 55 99 45 34 59 77 54 59 36 90 37 28 84 93 45 52 69 85 35 61 48 135 34 38 24 93 69 57 58 56 106 55 59 26 94 123 96 55 64 76 67 63 55 56 46 62 45 79 36 83 58 38 94 85 27 49 29 20 44 45 43 74 57 92 77 27 61 26 69 71 58 33 29 67 125 21 37 37 57 39 62 41 104 14 38 61 53 54 57 29 40 82 103 48 67 31 27 52 108 88 79 96 50 77 58 31 74 88 75 83 57 31 85 26 127 53 99 77 79 92 64 38 67 37 49 72 32 37 29 55 69 53 60 39 43 92 28 79 72 45 64 36 61 51 67 20 27 76 45 70 54 76 38 82 95 72 94 56 70 62 97 26 31 43 51 60 57 38 110 72 76 53 45 49 57 61 35 38 37 24 95 53 45 65 44 53 67 40 69 33 79 116 76 61 40 98 81 89 44 57 43 115 35 37 90 73 47 34 32 31 60 47 73 47 88 48 34 79 93 75 61 49 66 157 60 28 42 37 45 57 62 38 86 26 47 44 38 48 43 107 65 137 66 57 74 86 55 80 128 55 30 27 51 52 71 47 41 80 42 29 23 92 47 81 101 59 35 44 98 97 40 67 61 49 62 49 41 24 57 84 82 77 42 32 80 21 77 82 40 72 34 38 43 57 81 35 63 75 38 43 70 95 99 97 102 45 67 79 65 49 42 53 90 56 111 27 45 61 48 81 114 37 88 67 37 70 
58.374
70000
54 48 21 39 47 96 49 63 33 80 98 26 122 145 40 34 29 58 29 51 33 47 23 44 40 32 38 115 101 80 48 26 42 40 69 51 51 106 30 61 41 21 109 22 55 47 20 59 36 33 81 26 47 78 48 56 33 46 56 112 24 61 33 55 68 62 52 31 71 78 86 45 56 60 38 53 49 70 116 26 74 114 93 31 30 72 25 67 45 57 132 42 61 33 145 114 86 99 46 30 39 59 61 68 39 26 67 40 54 22 47 52 77 47 71 109 38 41 45 52 28 45 74 49 45 27 50 45 65 39 26 51 103 31 18 83 111 35 82 50 21 54 40 112 93 73 35 21 81 28 36 36 88 60 65 49 91 40 30 100 37 43 55 31 41 52 26 69 82 45 104 55 57 45 38 36 16 46 63 41 108 35 51 45 55 53 74 54 74 44 41 45 53 46 31 42 113 41 32 70 69 85 34 80 30 36 143 17 86 61 82 29 42 88 110 54 35 92 122 78 25 45 52 41 65 97 90 29 44 96 39 61 35 50 60 104 63 44 64 23 46 33 42 49 32 75 83 84 76 49 62 38 53 75 105 42 85 68 35 31 111 44 80 27 44 20 58 112 60 60 40 42 101 69 34 58 76 108 49 78 40 97 39 188 79 87 46 74 78 52 41 72 83 85 33 58 71 103 36 37 38 50 67 49 61 116 55 29 52 24 47 61 81 26 46 50 63 35 110 92 38 40 80 87 36 59 116 29 76 67 52 74 110 71 37 44 72 54 42 49 76 68 59 62 72 67 52 56 46 46 55 98 88 46 61 44 77 38 50 37 73 108 55 54 63 46 61 34 78 49 50 45 88 50 127 42 32 47 105 68 65 57 59 46 126 34 73 60 55 68 63 27 37 62 72 37 65 76 73 53 84 35 144 136 48 37 26 26 95 49 166 44 60 66 58 67 89 40 123 60 41 27 22 145 36 110 65 27 110 84 27 62 58 31 72 60 34 49 63 47 51 46 37 50 78 96 30 65 120 50 57 17 42 26 48 37 70 39 65 34 100 42 79 48 36 64 20 35 64 82 42 88 130 76 40 69 47 98 88 30 49 48 49 54 27 55 103 92 125 86 122 53 60 35 50 57 42 27 55 53 
59.496
75000
31 64 51 54 58 60 98 40 52 77 55 39 49 65 80 46 85 42 135 68 72 45 26 105 58 51 39 27 30 58 66 98 82 43 23 37 35 64 94 57 62 38 46 205 88 33 40 131 113 35 44 31 47 82 84 55 44 44 36 150 50 58 34 34 105 43 90 84 72 99 91 35 119 87 57 41 99 74 79 94 54 29 50 143 91 24 33 51 71 42 39 150 52 39 62 70 33 49 35 83 37 40 38 72 47 74 80 38 41 77 78 47 73 115 36 68 74 31 28 73 92 39 26 61 45 48 114 79 157 108 111 87 44 41 104 43 46 21 37 36 43 70 121 60 97 26 69 37 32 59 73 35 23 56 36 75 75 53 74 168 116 56 122 44 56 39 54 48 77 34 44 81 31 78 43 93 22 28 79 140 108 45 92 45 56 109 59 57 37 64 54 75 55 176 76 84 70 125 62 40 112 38 33 63 63 39 52 26 68 61 103 81 111 32 67 44 68 28 33 99 37 49 22 44 53 66 37 58 62 89 34 39 39 48 83 80 55 72 64 103 38 88 38 91 52 30 146 27 44 92 54 57 32 33 79 41 70 29 44 82 89 107 39 70 91 58 39 58 88 107 92 39 27 69 86 64 113 85 103 43 31 40 72 48 46 49 62 38 38 51 44 52 133 25 78 94 62 70 47 65 66 76 32 97 65 70 45 22 40 82 96 63 46 69 32 70 34 48 86 62 32 40 73 62 47 111 24 35 78 35 99 52 49 123 97 56 26 51 29 28 63 43 40 24 57 45 27 31 22 45 43 32 63 52 66 47 50 57 71 35 48 54 90 27 41 41 54 31 44 29 65 85 55 123 21 87 55 31 75 44 105 67 68 41 56 61 89 46 119 25 82 30 64 27 44 140 46 47 54 41 50 72 44 41 38 34 92 35 70 52 59 96 34 35 29 68 26 36 105 63 124 35 37 45 83 33 93 66 39 84 55 62 87 45 72 67 43 86 34 40 57 27 26 63 94 80 53 56 32 24 29 54 34 37 153 49 34 48 32 114 31 22 73 25 30 53 62 107 49 33 82 103 27 38 36 49 41 90 44 45 43 42 51 49 24 53 42 68 46 76 39 25 34 55 56 59 56 36 63 31 
60.228
80000
53 52 130 38 58 40 44 45 114 36 32 30 190 41 59 83 76 30 77 43 50 38 25 33 42 35 45 44 28 31 58 72 45 30 70 58 40 92 115 30 78 109 27 67 32 28 34 165 37 143 47 90 28 101 69 32 96 101 82 61 45 81 55 74 27 92 72 127 64 35 47 25 45 49 56 48 42 89 36 74 30 50 48 34 31 48 49 71 47 42 42 132 102 102 146 46 40 106 47 81 46 50 40 61 36 26 115 43 91 25 115 113 67 40 117 45 44 65 35 36 97 64 71 80 59 126 70 156 52 32 142 32 63 63 34 59 60 45 50 28 35 59 55 41 53 47 132 101 43 41 38 68 55 59 48 19 112 45 65 99 120 54 57 45 47 56 47 76 55 94 34 54 30 51 52 83 31 39 73 70 111 67 51 77 39 41 43 77 39 109 64 54 16 94 60 36 144 117 47 59 54 37 69 76 58 81 50 45 23 39 57 125 72 49 58 60 89 51 52 122 28 24 85 70 70 67 59 33 63 93 36 35 76 25 74 51 46 75 60 48 72 46 38 27 51 101 37 107 43 97 34 27 84 58 40 25 86 37 73 59 38 56 34 128 131 21 101 42 112 45 65 35 53 62 48 48 45 25 30 65 77 48 55 76 37 87 76 30 32 71 50 35 84 31 45 74 67 95 46 47 44 70 90 97 126 50 84 109 122 84 87 52 27 24 58 66 31 55 35 88 56 95 55 96 96 65 83 47 65 102 60 77 34 35 110 43 32 67 60 25 25 34 51 90 109 74 45 35 43 33 58 37 22 62 41 44 50 42 37 72 64 95 43 85 62 47 69 39 187 43 29 109 69 106 29 72 83 65 82 45 47 113 50 57 54 61 128 65 40 93 34 42 61 80 39 129 120 51 107 58 45 160 74 58 77 50 109 69 73 61 30 68 36 66 37 51 29 23 46 29 16 79 62 38 83 60 34 46 81 52 71 56 56 22 42 39 72 60 53 40 71 44 56 77 18 117 37 107 43 25 49 38 70 101 100 61 45 41 27 16 48 30 90 83 44 71 66 59 63 34 44 87 56 72 29 42 65 291 133 61 40 95 75 48 48 38 68 93 67 69 52 51 64 99 35 44 86 100 32 42 
62.038
85000
107 47 33 35 60 104 45 44 43 62 33 28 88 65 64 61 34 61 40 50 26 33 24 70 37 46 94 79 118 43 74 103 28 35 39 30 69 23 37 63 27 45 78 34 38 80 75 132 26 41 62 39 91 63 82 37 54 69 25 42 50 46 41 123 20 96 58 52 86 23 32 23 41 76 40 72 49 92 83 31 78 41 65 61 43 43 31 93 65 34 57 28 65 94 45 61 47 43 38 45 45 129 65 50 46 96 73 65 42 43 123 92 59 40 142 80 57 33 45 164 42 55 84 36 51 28 66 30 56 48 39 64 135 84 125 166 71 72 30 47 33 33 55 86 70 94 37 57 60 56 71 40 34 74 38 31 67 37 50 53 44 65 84 48 30 84 27 33 63 25 177 43 65 73 59 36 49 64 96 33 77 31 46 53 55 14 125 61 66 54 69 83 57 79 48 67 63 28 70 69 49 52 74 24 43 65 70 73 89 42 85 53 124 84 50 28 34 60 28 28 41 96 54 36 21 45 58 74 33 53 32 56 46 30 41 41 40 86 55 33 74 31 36 78 36 40 88 66 40 113 50 44 72 44 61 38 23 97 56 104 120 34 51 88 81 49 98 80 66 31 33 88 41 70 43 45 24 54 47 105 88 119 52 44 68 66 82 35 98 60 56 47 62 40 54 76 45 54 49 86 36 26 29 57 37 31 42 63 25 25 57 57 81 62 36 55 40 29 64 51 25 81 102 55 48 62 41 90 96 36 72 58 84 53 74 40 91 30 52 33 34 29 30 30 70 98 42 68 86 78 43 58 45 48 53 42 44 23 54 70 94 76 38 94 93 22 36 31 25 43 59 54 29 44 55 53 81 39 84 114 66 27 55 48 54 42 45 48 137 60 95 81 65 34 27 61 57 38 92 57 47 121 74 36 81 49 101 48 40 24 67 34 27 88 40 42 34 44 51 79 55 52 52 62 115 45 61 36 36 140 75 80 41 52 95 62 122 103 32 25 44 57 105 120 30 44 57 64 61 63 35 46 121 27 117 27 46 55 133 33 37 49 36 65 59 61 58 49 56 60 110 24 66 50 42 42 79 158 68 49 43 121 32 72 45 78 60 81 47 37 23 49 24 29 38 59 43 32 45 24 
58.312
90000
34 56 45 53 37 50 63 65 69 37 71 91 45 50 104 86 63 42 50 119 62 37 67 86 49 150 60 76 82 73 103 34 65 61 87 66 83 61 27 56 56 22 120 64 40 72 31 26 77 41 81 30 27 61 51 31 87 41 52 93 58 66 44 75 47 120 85 117 32 27 68 82 69 26 26 53 78 90 38 76 92 33 93 49 26 87 67 43 71 75 43 22 68 76 57 47 43 46 39 127 44 28 45 85 75 52 34 97 74 51 54 83 27 44 73 55 119 57 118 28 108 101 59 77 129 58 50 44 59 61 72 103 87 55 54 66 26 81 34 99 58 24 72 27 92 59 56 88 43 91 53 38 34 83 36 26 47 40 63 49 30 65 82 120 35 66 32 34 41 33 49 49 62 62 49 58 50 21 78 65 48 38 49 82 23 119 75 34 57 27 86 32 53 41 47 66 65 46 28 44 48 31 74 52 84 59 90 48 37 45 87 32 39 87 41 45 72 64 52 47 93 60 59 140 88 66 58 151 61 69 78 71 95 77 67 75 76 77 38 22 28 36 91 37 61 85 69 100 69 91 119 44 76 48 117 118 80 79 106 101 116 69 100 76 60 52 33 44 79 110 43 34 38 38 59 35 59 61 74 47 90 30 58 55 68 109 49 126 40 110 70 136 51 31 109 28 55 91 61 71 38 91 38 73 40 58 76 29 64 48 35 27 65 45 62 64 31 77 47 50 55 65 41 90 38 59 35 76 53 41 53 59 32 23 41 47 58 29 41 65 38 92 57 92 96 86 88 103 86 48 36 46 19 62 66 93 61 16 26 29 45 61 47 40 33 36 29 100 47 65 38 46 55 35 35 34 55 115 25 127 53 36 82 57 97 43 30 48 42 26 32 32 40 26 48 47 31 59 55 35 24 101 38 37 43 29 51 32 32 88 43 79 75 65 94 35 58 29 64 43 41 39 59 20 100 58 137 89 93 55 39 40 30 37 30 46 52 57 115 29 55 44 48 82 42 65 46 32 69 50 42 21 29 45 54 47 89 65 69 45 45 62 74 38 40 85 44 78 40 38 43 95 31 119 52 43 69 45 70 20 48 63 59 54 74 27 72 77 90 47 62 41 29 54 39 43 109 25 40 41 
59.472
95000
28 45 56 51 36 91 88 39 104 58 51 20 51 136 36 73 55 49 46 41 124 44 66 41 119 97 29 166 134 121 65 59 138 85 41 42 58 71 74 33 126 28 103 32 32 50 129 51 42 72 51 59 28 77 35 89 43 33 110 26 74 71 85 44 59 36 31 63 68 62 118 25 47 53 49 149 73 79 67 113 78 87 128 87 78 63 26 46 60 51 65 62 37 45 51 22 85 45 39 144 134 83 85 135 49 57 23 33 115 76 28 63 105 33 96 113 46 22 77 69 52 55 64 72 38 53 84 65 73 61 47 40 61 161 103 59 39 52 69 75 71 104 28 37 60 40 118 56 42 59 62 24 46 92 50 81 81 31 51 74 54 62 25 99 82 60 72 44 48 54 73 57 77 91 40 31 48 15 48 89 42 117 112 69 57 128 37 88 32 37 29 30 93 50 83 127 61 64 45 47 45 108 54 70 56 36 56 31 45 56 49 102 29 76 63 31 74 70 38 47 26 26 41 57 41 34 40 71 38 48 122 92 56 30 67 36 43 61 69 52 38 31 63 43 56 39 44 107 79 68 27 23 82 54 27 43 78 79 42 80 64 51 45 57 46 42 50 43 53 54 31 55 112 65 48 49 104 44 50 38 25 42 40 64 73 32 67 56 27 32 35 26 66 35 63 42 42 62 28 33 32 52 70 36 49 128 55 33 37 54 31 48 36 42 63 31 71 32 81 26 39 36 69 44 92 30 77 118 53 36 46 69 32 36 53 46 53 43 49 11 47 48 28 57 44 77 84 21 117 47 37 41 31 38 86 59 36 49 49 149 65 48 56 78 60 80 31 47 60 102 53 30 55 107 81 26 63 32 62 39 33 31 93 95 47 102 32 53 49 69 26 65 32 30 90 104 25 44 44 59 58 126 47 46 121 111 66 189 54 38 154 35 37 44 89 34 98 55 46 58 129 90 68 63 84 27 110 107 97 46 42 53 38 62 52 70 121 50 55 35 148 96 171 66 71 73 69 67 77 63 41 56 72 25 139 44 21 68 85 39 64 104 107 92 47 56 38 133 42 89 48 77 61 54 52 38 35 70 74 49 175 32 72 42 54 61 44 34 48 114 53 44 63 73 95 61 33 84 46 73 
61.84
100000
67 60 32 108 114 47 83 58 39 125 83 32 56 51 47 65 31 87 78 63 37 74 45 44 24 99 76 41 31 89 85 122 59 36 74 109 52 78 106 44 92 58 89 47 26 89 98 62 32 49 61 61 86 63 77 48 51 47 69 51 53 37 110 47 96 55 49 50 53 77 94 71 79 60 94 93 122 31 100 60 55 94 113 47 75 47 76 65 53 77 75 67 83 40 161 51 63 85 38 46 79 192 27 38 45 62 46 25 52 97 24 27 40 48 35 62 42 39 65 45 60 36 52 33 54 134 49 70 81 71 52 40 58 36 86 116 64 33 44 24 79 46 75 58 40 35 131 44 74 103 38 35 98 72 67 133 49 54 64 135 128 96 61 39 48 49 109 49 105 30 83 48 41 96 75 88 88 66 35 45 58 76 192 81 95 68 56 41 91 47 76 40 44 67 122 67 30 35 69 55 41 41 59 51 47 38 47 62 40 93 29 54 22 52 44 103 50 33 81 58 84 126 32 87 40 25 76 35 88 124 105 41 59 73 66 58 95 40 37 30 38 43 36 73 95 69 96 42 84 77 28 41 56 66 44 55 24 57 48 81 81 93 38 75 57 31 65 41 77 39 85 51 38 80 75 69 60 41 33 32 101 46 126 130 28 69 76 28 27 31 49 71 61 83 80 77 60 40 95 63 55 78 72 44 53 55 85 91 51 105 82 143 135 72 44 75 27 76 41 113 39 73 25 48 53 24 71 141 43 43 73 88 29 77 30 31 88 86 41 18 89 29 40 24 45 53 62 91 136 68 41 47 38 55 55 43 37 58 58 48 65 65 54 50 48 66 91 41 79 32 37 82 42 50 53 50 73 30 75 32 103 56 46 45 64 57 64 107 79 95 71 113 74 54 55 45 55 45 47 30 78 40 43 63 67 96 94 21 80 22 106 71 53 24 31 34 58 94 22 72 64 18 152 80 34 99 47 58 49 31 35 65 33 48 63 49 42 84 75 37 52 44 52 95 31 56 64 95 77 32 83 24 91 44 204 86 99 33 26 104 35 56 64 89 38 60 62 62 39 87 45 62 47 43 38 32 36 125 55 24 49 40 31 54 57 87 65 34 41 82 38 41 131 62 45 98 82 43 35 65 
62.86
