500
289 158 40 148 122 71 47 166 99 56 176 51 42 125 221 176 158 108 146 69 120 230 100 193 122 157 88 54 202 65 46 170 57 114 118 99 51 91 137 123 132 110 38 179 119 40 274 20 143 87 61 54 131 199 181 16 51 166 227 222 106 200 151 161 217 119 89 145 66 89 162 82 162 112 150 179 105 120 64 34 121 62 106 170 154 58 80 114 141 374 65 86 171 115 209 134 49 135 182 185 139 249 74 159 164 199 133 112 256 115 161 72 115 36 114 222 62 186 31 53 135 230 211 150 122 311 148 144 167 215 126 228 133 273 147 105 101 177 201 103 78 53 130 174 199 90 38 77 204 189 107 85 175 148 30 177 43 64 116 126 196 200 90 219 140 103 202 154 122 141 88 197 94 56 186 166 92 72 113 37 129 143 121 70 115 146 73 181 129 207 26 81 102 105 157 259 45 194 109 204 162 231 98 180 189 257 148 159 117 102 82 91 55 107 122 197 42 232 100 76 213 150 141 133 69 204 160 53 214 266 135 224 29 64 150 141 142 113 50 47 19 113 196 100 147 189 139 82 215 157 212 158 142 51 209 236 39 37 159 125 229 115 169 194 148 119 196 128 105 209 96 177 47 97 139 94 110 56 153 96 167 162 55 98 216 246 132 171 97 134 116 132 167 65 200 236 56 117 153 163 274 198 170 143 221 133 106 158 133 62 103 111 70 113 77 99 143 128 222 41 135 238 125 217 144 45 191 90 105 110 157 265 209 184 110 175 25 142 125 176 160 169 122 27 192 128 198 239 160 60 152 151 112 211 111 178 60 111 117 164 169 35 284 136 82 75 84 169 137 70 149 179 181 195 104 173 134 56 128 135 197 177 99 146 104 157 243 161 111 145 183 33 60 111 103 143 120 238 155 34 233 187 63 145 78 130 86 28 98 121 50 60 69 46 130 147 40 193 163 119 111 279 129 37 151 196 112 87 45 30 120 256 205 305 151 226 74 254 117 161 93 151 183 84 208 61 177 62 77 142 31 147 124 76 71 90 113 127 99 218 287 155 251 179 179 162 162 239 197 135 137 146 204 43 181 141 306 53 139 64 120 83 71 117 240 185 186 55 216 314 40 69 159 40 16 169 74 146 228 218 
134.834
5000
685 286 200 395 61 261 116 184 146 277 443 194 211 262 416 200 123 505 435 233 488 616 421 751 218 459 273 345 177 153 122 187 135 189 304 167 497 598 239 389 399 341 328 215 587 288 265 468 85 379 301 216 403 132 157 121 69 119 621 248 292 549 522 595 273 226 623 299 170 39 676 202 340 113 255 283 61 367 137 112 412 73 59 55 164 389 150 219 546 578 405 156 190 90 429 567 110 622 238 186 589 113 217 339 137 209 132 449 53 213 266 224 164 121 364 236 81 502 315 95 256 534 542 546 299 377 31 166 248 206 64 652 161 434 222 270 281 232 252 167 162 394 234 343 332 117 444 230 164 281 175 202 185 314 123 142 192 306 646 486 111 721 468 182 342 308 315 333 231 264 780 337 180 144 588 94 292 360 94 202 345 92 164 154 89 359 236 153 377 238 265 235 164 374 201 313 110 186 280 469 610 261 141 243 131 72 225 33 193 145 312 116 537 232 79 206 302 596 355 322 515 556 260 187 193 278 236 210 230 274 271 463 516 466 293 216 150 322 417 565 577 656 280 424 706 88 156 116 648 392 439 392 648 189 244 86 340 214 216 150 112 423 345 66 346 650 262 114 301 71 724 259 709 215 790 369 443 295 208 175 329 113 367 194 624 276 305 186 317 288 122 442 293 275 105 612 355 147 511 292 355 102 357 196 466 268 164 220 162 375 352 40 231 128 117 157 188 281 256 429 352 781 527 254 187 405 321 154 99 467 183 286 572 480 188 197 30 165 147 445 655 134 297 284 507 271 545 105 469 67 184 625 431 271 224 270 150 37 208 357 367 197 446 409 214 111 87 396 142 411 196 570 744 250 478 327 669 119 47 255 277 57 257 220 905 366 116 259 201 294 128 157 320 86 212 225 383 221 828 358 151 286 438 538 226 384 214 216 173 565 213 315 78 332 214 444 255 341 144 253 76 158 461 121 346 134 267 98 358 227 374 313 551 236 83 369 323 342 468 572 301 283 458 339 526 269 148 139 374 455 316 198 218 118 270 523 268 99 196 362 80 462 397 61 87 133 303 364 351 609 556 234 329 398 141 332 327 246 257 223 548 49 93 262 266 300 147 260 258 304 195 389 495 283 123 341 354 62 490 581 
295.326
10000
299 505 180 624 360 345 300 199 580 142 362 173 153 350 474 347 132 128 381 201 673 573 479 386 573 385 372 86 155 267 209 612 787 623 749 99 418 578 404 823 206 55 430 283 448 390 398 107 441 341 365 669 227 285 343 438 285 211 579 616 71 256 320 744 814 288 211 414 381 164 453 379 565 328 598 301 583 125 180 379 309 232 396 354 557 772 637 226 95 702 259 162 326 163 389 324 52 176 880 303 440 38 166 599 287 210 403 162 260 290 504 62 437 499 188 327 166 532 105 60 289 517 418 210 257 212 449 288 344 714 239 673 735 234 345 640 213 162 174 52 311 418 557 188 358 136 163 114 151 163 136 248 491 156 311 416 238 231 399 204 368 229 721 445 193 306 674 509 374 299 481 246 634 203 568 386 393 606 298 232 187 130 157 104 551 420 262 170 200 301 329 125 515 231 568 721 80 749 376 182 703 475 192 506 268 542 425 141 474 130 737 125 190 253 203 392 88 285 373 379 675 617 546 450 162 518 438 130 152 686 160 659 394 736 160 300 275 144 651 336 432 127 368 397 504 177 728 148 412 283 277 331 488 502 100 124 413 429 402 642 129 424 761 458 209 489 235 715 110 182 703 497 324 119 356 159 655 239 210 453 192 53 460 104 891 845 144 199 663 229 130 457 535 261 533 342 148 272 868 226 87 472 371 579 211 416 107 313 189 424 452 238 134 81 54 474 72 714 107 104 372 472 351 188 426 658 61 348 495 907 92 676 340 1129 211 197 230 486 113 774 434 83 711 311 373 54 301 151 267 200 210 198 664 41 125 291 454 297 362 458 217 678 290 634 601 403 267 463 34 286 465 307 256 306 229 151 348 337 132 245 300 170 235 74 121 324 169 265 575 676 198 155 415 292 695 92 237 516 136 456 192 571 225 178 392 201 144 90 368 564 514 243 271 234 111 270 168 391 818 281 402 762 604 185 480 248 501 239 152 425 212 612 444 690 256 275 318 458 365 666 403 306 226 559 299 214 206 281 240 393 401 348 587 156 328 380 410 436 209 263 279 545 263 364 427 450 506 285 423 190 495 202 581 99 743 157 241 315 452 328 198 286 282 183 519 657 584 181 226 479 378 245 439 95 189 859 526 207 688 511 
353.436
15000
615 354 566 508 321 182 90 305 345 289 504 416 224 407 183 429 136 321 443 293 601 750 657 697 184 795 705 166 946 765 298 790 494 820 314 653 157 541 102 601 241 203 228 442 125 139 456 334 584 471 265 339 294 92 187 67 119 225 422 404 208 664 837 278 348 229 280 187 234 725 780 525 580 134 712 478 431 246 239 185 116 219 210 215 791 70 100 507 712 763 600 247 277 131 215 411 343 563 819 434 1060 387 593 463 605 292 96 179 138 494 328 640 356 387 364 1209 52 224 205 373 392 558 202 808 290 884 415 482 391 1319 445 299 137 1027 277 508 385 861 361 667 361 269 579 81 409 481 435 397 157 613 517 144 889 193 359 412 420 348 854 425 623 575 1118 206 343 271 545 260 174 477 717 351 839 517 236 234 128 629 129 523 158 568 429 141 352 228 134 193 445 263 501 601 292 136 394 194 417 345 957 448 301 1197 459 567 263 431 110 495 115 290 690 169 152 176 209 443 112 841 235 182 994 1112 149 683 445 484 295 392 165 473 276 1368 273 831 320 468 308 287 539 676 291 379 398 322 250 214 462 337 388 75 485 342 450 362 159 383 207 274 355 866 356 344 595 186 185 423 267 738 709 123 277 405 696 550 453 468 236 239 176 126 137 202 821 522 259 315 374 195 341 544 195 600 1329 167 544 467 247 387 532 870 400 436 462 429 401 503 327 179 526 177 269 700 247 451 58 247 125 422 417 335 187 294 801 578 499 367 390 675 186 1066 557 380 709 849 175 211 642 633 332 718 253 291 508 160 415 475 724 513 212 795 330 396 1003 130 112 140 112 360 257 324 119 204 571 972 679 402 175 910 288 126 218 761 259 502 492 232 422 531 268 288 845 590 115 159 202 877 369 102 447 382 665 451 86 727 386 473 578 788 1029 304 448 702 251 262 250 77 208 253 45 241 292 456 464 598 490 224 223 359 225 388 516 423 506 474 387 48 412 253 282 810 314 978 513 389 231 341 173 918 772 602 178 437 321 594 1098 591 524 501 534 771 327 569 439 399 509 627 98 313 544 207 427 260 788 701 436 792 250 286 472 520 427 323 822 846 857 282 689 437 591 340 355 344 628 199 801 650 272 237 387 639 625 84 351 353 358 227 330 671 377 323 
423.616
20000
1129 403 486 178 88 631 351 242 221 96 834 318 264 894 263 398 107 510 358 732 877 471 844 170 423 264 693 619 259 1171 245 1170 115 713 535 427 454 262 742 578 289 429 762 247 684 345 858 377 727 435 434 385 501 50 431 370 600 260 508 465 398 421 753 818 517 346 607 635 309 627 449 252 727 296 599 367 224 391 688 216 547 353 637 449 942 327 314 455 201 454 163 343 1004 96 257 187 197 836 922 442 429 579 427 399 325 720 182 320 226 351 514 666 254 591 537 320 225 638 469 416 534 1081 175 170 420 563 736 905 638 361 261 560 707 259 452 185 561 363 483 393 380 406 640 351 92 161 438 580 682 305 647 453 543 420 215 361 422 556 613 547 389 120 869 452 704 736 676 244 341 456 560 137 1041 311 578 438 416 956 376 479 246 477 359 297 331 378 139 387 750 303 603 462 465 261 382 481 548 513 1480 372 473 571 567 714 513 439 308 320 164 188 368 325 299 127 192 337 110 433 1123 230 534 290 481 697 169 678 768 200 245 613 848 418 291 798 282 547 330 555 543 481 194 286 598 263 707 96 399 795 148 524 131 353 982 533 176 40 212 282 844 728 486 648 1093 1292 627 786 795 253 228 327 671 640 522 246 251 280 299 195 502 202 304 229 108 154 155 680 206 402 497 418 871 321 243 598 363 1051 71 641 465 712 868 263 1155 976 397 478 583 123 162 402 535 370 287 786 293 418 300 150 446 807 977 741 1094 773 346 145 721 78 744 357 580 743 542 498 154 68 657 422 415 491 168 289 572 391 538 250 980 400 623 404 230 476 731 139 296 424 117 242 540 193 260 331 95 461 480 308 636 370 290 192 1027 252 820 308 449 483 77 272 243 394 229 240 142 246 872 825 190 189 792 865 449 264 488 399 455 554 457 523 1099 440 776 461 110 355 342 486 334 428 354 85 594 417 229 748 648 305 208 320 648 246 432 589 402 773 407 210 208 600 50 707 127 693 844 1416 43 166 380 116 361 1140 116 162 871 854 424 538 491 464 122 712 204 211 1483 177 514 334 321 214 184 348 166 452 474 634 785 353 155 202 336 557 914 135 586 238 769 377 584 451 180 363 296 230 94 194 434 206 138 260 116 802 448 205 833 605 351 509 84 215 500 319 
453.472
25000
944 343 926 544 227 339 690 399 389 963 647 781 368 342 68 235 211 630 439 297 267 375 196 278 326 428 368 613 532 795 873 597 247 335 326 898 767 959 210 554 318 432 744 283 483 453 377 237 194 400 209 608 442 388 677 326 244 582 714 376 767 575 230 44 675 497 299 327 372 389 467 294 518 488 442 184 343 554 22 133 128 270 638 228 1240 496 244 461 74 284 353 258 288 168 426 725 249 264 1171 483 578 781 667 725 514 213 359 590 140 189 279 214 663 293 387 353 143 575 409 200 623 578 452 699 211 818 613 273 309 870 293 504 175 1214 140 375 454 415 1093 312 237 415 215 389 1115 213 398 321 527 101 266 471 112 594 228 1035 614 395 961 382 522 434 466 844 227 550 812 499 467 189 280 398 264 263 105 373 190 320 355 237 363 160 396 535 455 325 78 82 338 1111 454 434 166 323 526 227 394 793 570 570 571 129 54 529 359 645 226 272 211 443 484 444 298 499 48 608 110 515 649 643 290 337 174 315 235 837 473 622 860 1168 421 1437 545 920 291 426 798 543 255 665 239 267 580 41 1044 147 300 152 287 129 218 319 421 275 172 204 220 524 464 586 693 226 1300 334 186 511 224 367 336 156 511 465 219 344 235 189 360 92 159 523 475 465 131 129 309 1053 270 121 387 372 131 195 183 274 380 234 386 532 856 382 603 350 237 518 234 186 171 366 212 110 985 383 862 727 160 386 216 677 837 540 224 1176 1440 254 645 631 219 483 196 389 355 632 415 288 292 70 228 522 494 721 573 279 1111 417 148 596 1108 172 190 201 549 506 639 535 167 334 216 369 559 717 442 377 157 1396 812 332 120 117 182 387 221 269 918 514 597 572 378 344 83 135 307 142 212 433 810 144 149 252 238 1210 606 141 580 183 112 73 34 136 1048 414 586 292 134 265 180 459 458 408 169 306 687 458 66 312 579 752 412 689 129 258 240 440 209 585 280 872 268 275 456 375 288 346 825 442 415 144 738 463 558 933 465 449 370 317 689 378 433 263 355 102 173 244 769 219 92 445 519 90 164 454 208 562 140 367 509 114 307 596 200 828 386 205 272 465 99 385 613 616 311 515 413 127 769 102 390 294 103 301 589 452 128 240 147 128 926 488 775 632 688 674 
423.786
30000
436 194 385 620 1379 199 60 243 559 344 550 156 688 479 274 360 229 420 402 449 564 363 583 670 518 313 487 467 432 408 209 851 492 560 342 294 393 267 630 578 637 399 1018 494 628 690 747 133 602 454 275 110 611 399 383 676 104 253 694 923 707 527 620 474 348 501 540 186 401 257 191 354 214 506 989 752 891 192 167 167 298 263 720 287 613 941 70 744 339 276 159 292 919 606 246 333 520 498 642 896 814 735 482 923 319 799 160 218 739 458 386 351 385 353 426 418 266 252 130 217 714 1012 1056 289 418 775 568 328 963 147 270 736 289 700 145 411 392 565 711 548 293 281 302 881 507 282 593 173 357 210 533 228 378 261 72 75 379 279 917 638 323 1028 317 714 937 142 692 990 227 607 524 96 555 702 1069 527 1137 418 154 151 354 93 300 532 881 417 517 324 614 168 286 331 388 284 239 542 223 356 841 334 1263 292 287 791 313 495 221 717 162 233 1192 263 568 558 347 216 784 376 1162 366 519 260 703 727 118 405 388 640 134 850 231 254 390 267 236 169 447 701 124 517 461 432 433 181 1354 499 611 311 560 511 1105 332 650 213 65 632 343 184 195 397 262 732 217 244 298 714 401 617 227 416 761 438 313 428 887 767 420 645 384 433 551 485 500 303 1191 972 237 295 118 781 335 385 510 103 177 533 370 727 584 75 701 586 322 366 125 810 137 235 222 169 371 187 293 272 161 216 56 602 390 356 592 185 236 841 244 419 1020 619 496 708 279 829 218 365 715 501 93 737 145 889 445 100 365 210 735 511 213 419 287 721 776 367 429 470 242 324 431 598 241 91 479 460 794 470 79 390 368 301 667 228 763 132 1041 315 221 167 291 315 710 185 308 713 302 308 311 528 534 393 249 343 658 336 382 333 327 295 138 779 915 476 1209 364 167 284 787 307 282 917 444 602 148 111 486 549 257 349 252 480 721 254 447 493 65 1009 493 797 391 189 311 654 581 1126 179 489 490 330 225 601 538 803 575 1038 288 234 281 707 169 713 817 407 489 316 419 199 339 369 71 263 643 883 960 1058 493 617 261 319 656 616 1681 311 384 64 717 1581 311 855 622 911 194 95 440 450 51 569 1468 366 217 176 759 480 554 400 530 297 162 609 715 1188 827 786 
468.786
35000
528 259 336 266 517 275 453 449 509 732 321 558 442 201 75 1111 99 206 344 173 239 690 94 817 324 407 397 453 284 477 362 1011 432 611 375 437 365 454 96 749 265 579 505 330 896 145 177 618 549 751 488 681 100 779 234 213 602 324 561 715 272 462 407 501 543 560 728 850 236 710 427 145 1269 368 983 193 454 639 569 321 113 157 237 182 1441 845 263 606 368 927 225 152 488 384 490 842 164 113 882 607 304 830 587 918 604 276 392 400 389 612 655 341 663 427 217 301 163 520 452 301 1037 1038 1516 165 396 502 368 402 378 684 197 758 603 557 605 452 1086 533 131 784 511 536 151 379 939 155 345 643 620 599 306 623 505 230 485 184 145 425 669 938 618 782 1195 310 524 212 1152 224 183 424 758 651 433 360 670 361 507 560 643 337 396 237 411 232 741 912 352 382 334 215 713 258 569 154 290 540 286 1383 450 799 1077 603 289 288 557 394 259 439 277 523 896 583 350 50 78 1116 138 293 520 497 137 747 297 603 140 1258 407 380 701 729 504 941 474 181 74 579 455 1044 1001 262 410 292 347 478 204 373 244 735 343 1471 336 395 528 264 461 510 1072 238 1653 1346 432 1461 1127 449 356 878 369 313 215 401 319 427 506 210 190 218 376 262 168 107 402 288 532 538 785 273 357 380 334 774 290 665 210 356 446 608 585 660 605 876 429 566 359 640 533 616 247 127 331 652 334 626 471 492 218 494 695 109 539 482 368 1296 743 893 771 199 42 592 511 653 254 1806 487 676 512 520 211 479 681 1126 235 660 575 365 535 799 895 231 552 449 467 228 349 286 566 805 620 361 712 488 969 412 266 563 1015 722 393 934 480 336 450 740 678 95 1522 504 704 857 387 417 210 759 497 184 853 1170 310 316 249 325 433 163 546 280 945 356 401 409 1835 588 928 952 106 667 200 220 493 92 122 346 272 159 112 45 210 398 246 575 339 251 359 433 348 196 493 756 708 909 347 1557 578 1012 465 887 562 618 358 242 298 356 382 168 233 312 140 412 585 213 474 577 141 237 625 171 565 768 449 349 299 185 443 440 857 60 280 387 374 784 163 478 51 87 536 362 869 306 691 385 32 525 139 170 614 376 214 923 267 250 281 806 330 63 126 168 588 524 171 734 382 633 
490.484
40000
1126 174 469 733 384 501 661 370 84 436 166 184 540 207 383 393 133 1175 644 184 1178 589 1275 666 396 626 377 618 230 421 185 811 320 557 178 169 710 1153 404 440 458 417 193 472 1103 186 272 167 470 232 283 407 678 256 220 606 312 334 174 526 498 317 1349 536 708 662 193 225 196 642 1599 609 302 656 352 503 715 196 190 250 1212 312 412 206 378 405 145 343 141 323 458 300 529 171 618 315 236 660 522 424 641 467 102 226 507 867 42 460 405 167 209 744 749 458 51 511 216 1396 1033 356 107 881 995 355 576 698 551 359 459 399 180 463 495 576 611 519 708 779 1125 627 352 562 306 287 566 73 914 257 333 460 588 822 716 279 453 385 513 324 457 786 507 553 798 414 612 385 363 354 277 221 258 482 401 124 517 866 307 130 479 650 370 500 382 473 290 292 41 354 655 669 298 690 485 508 169 265 382 1154 484 951 1063 344 727 389 717 425 735 676 393 693 869 600 958 431 419 297 233 733 296 180 639 696 424 788 310 481 645 269 406 1351 831 291 724 449 255 688 896 1017 166 279 250 376 613 178 382 59 751 124 348 268 595 624 340 631 467 109 256 159 357 278 291 520 801 396 792 101 608 171 213 207 1030 194 1082 360 156 204 329 346 763 366 241 147 280 325 1655 468 234 182 588 183 440 375 494 328 131 217 176 449 1473 998 669 1142 204 312 610 149 641 361 100 315 509 117 257 684 295 1118 146 655 577 311 375 786 941 686 320 359 366 535 370 1331 319 1023 238 806 402 701 414 407 441 1217 406 1055 243 199 1065 82 280 205 812 747 1423 163 362 385 504 697 631 726 1155 735 974 208 899 1046 523 568 309 340 416 364 1096 306 459 380 289 141 627 238 452 477 91 1168 448 310 640 1615 526 343 417 1063 487 153 608 472 524 105 662 191 622 307 529 769 737 820 934 361 117 741 98 486 941 487 854 271 97 236 105 1238 325 615 162 563 501 806 393 559 407 327 497 892 386 298 347 718 114 860 706 885 1115 197 355 674 324 376 720 182 644 516 819 581 545 612 1255 539 282 374 519 143 303 834 801 739 153 561 297 443 916 1220 583 382 989 585 1177 974 240 173 204 669 693 126 770 1746 223 117 1407 776 230 332 453 1780 409 250 431 818 300 106 378 812 755 498 
508.508
45000
388 860 288 987 602 537 569 908 252 395 240 708 217 356 533 253 278 161 813 779 439 1146 840 646 240 531 130 329 522 1212 385 888 397 1309 414 321 1044 695 1411 734 533 351 933 119 1340 569 439 575 506 633 615 650 305 365 604 596 206 462 114 431 444 514 731 120 1162 214 691 697 480 278 373 303 617 242 865 298 489 1142 737 332 424 411 485 440 397 666 540 215 712 539 811 240 87 502 542 170 357 763 199 295 412 309 491 511 223 1028 184 239 339 250 442 497 357 841 238 422 360 470 449 174 554 2275 482 161 729 744 529 856 477 441 616 1143 753 1166 394 488 465 372 557 574 559 232 247 390 338 311 444 646 463 324 270 212 1083 682 189 290 531 280 676 659 355 565 167 422 1004 628 279 628 415 332 395 1112 414 284 837 588 730 533 262 66 564 257 410 51 506 493 349 447 239 1214 595 243 286 605 187 125 170 608 1230 498 545 545 296 300 289 156 53 144 490 149 242 467 403 352 440 589 117 455 541 278 312 1206 603 918 447 971 683 431 419 314 477 634 270 940 150 201 163 603 388 853 453 325 489 318 429 291 357 269 992 375 250 993 427 169 479 96 559 58 344 1034 664 231 293 341 378 555 651 1274 578 512 176 739 518 468 575 869 401 466 77 743 215 392 219 418 755 758 298 104 827 742 159 179 606 174 350 133 503 616 1599 89 358 291 216 365 448 620 296 351 122 99 874 584 988 486 89 597 282 530 407 1007 366 202 156 818 517 1305 718 374 123 675 603 669 802 813 510 447 478 585 474 676 261 505 589 501 1107 433 207 236 107 496 409 1010 880 558 322 215 619 237 443 818 273 1000 690 296 565 154 302 685 283 497 1140 190 951 101 291 336 202 307 65 567 818 534 183 283 957 645 200 247 659 499 153 162 672 229 404 376 431 718 1070 341 619 233 687 730 297 551 531 144 885 146 702 96 853 1239 735 792 618 816 253 1009 1551 356 271 404 360 445 468 207 356 1496 549 1232 156 200 518 189 115 893 397 631 580 861 611 678 525 187 639 37 725 913 268 454 1305 632 576 532 742 309 764 849 243 911 1070 758 1314 834 1344 498 196 574 208 659 82 583 755 254 334 193 436 248 317 673 248 422 741 498 224 772 355 686 759 490 700 449 190 295 541 841 377 633 
510.232
50000
979 437 344 1011 514 376 236 79 701 245 100 441 502 592 332 679 350 1321 404 464 867 1383 530 461 588 1165 879 816 209 204 329 512 892 413 484 607 613 878 623 528 306 508 757 266 1162 229 526 440 362 1131 340 440 679 278 245 480 499 271 758 1041 204 626 253 569 295 563 671 547 701 319 1104 247 410 480 1024 643 1191 550 259 517 288 583 313 818 546 362 569 628 891 402 243 302 299 420 308 621 628 213 965 446 458 650 580 780 532 164 328 420 228 148 142 393 462 1075 369 387 520 572 172 432 921 609 109 413 563 1064 646 876 549 424 614 1228 352 990 135 539 724 432 261 720 456 304 463 509 295 378 404 917 547 679 498 437 182 312 379 726 448 372 403 596 1085 136 369 200 1072 227 340 545 124 437 633 306 740 263 991 602 489 1149 174 662 106 349 169 57 701 861 406 502 614 1199 556 468 611 270 403 644 662 206 1065 531 1160 210 129 970 230 186 237 201 151 394 806 452 220 743 118 350 350 411 514 88 1639 802 497 353 380 613 539 746 398 1434 251 678 268 95 380 374 238 984 377 106 389 462 339 477 584 273 214 822 894 510 220 60 186 219 160 866 476 651 611 646 210 201 1072 374 590 510 461 457 367 602 968 311 441 622 443 223 89 699 504 133 179 245 372 324 617 349 417 178 563 441 313 190 652 289 495 196 802 898 609 634 718 79 1013 733 451 116 898 202 411 107 758 76 889 473 641 703 209 335 1219 238 376 755 489 1386 208 490 740 482 221 566 538 1045 821 685 408 493 342 313 378 1128 451 741 817 169 583 617 417 210 818 616 485 184 394 321 153 358 427 294 462 661 205 325 1012 492 902 314 531 336 148 819 984 520 895 372 93 385 626 406 39 619 30 501 143 344 1375 292 165 241 367 818 417 464 265 706 251 482 206 84 293 478 1258 347 402 1251 133 1131 182 720 361 330 779 384 407 445 195 269 231 1212 870 367 124 362 505 189 415 534 677 140 344 624 296 377 969 835 606 188 204 995 896 717 387 340 285 606 532 319 471 423 389 761 296 138 703 769 151 574 535 133 356 764 278 563 840 697 326 341 277 296 342 263 856 656 827 125 290 574 312 353 530 410 202 415 217 201 521 957 78 513 160 421 367 310 544 694 615 557 516 68 806 853 
499.67
55000
687 264 596 931 850 509 201 112 754 130 542 404 562 655 383 144 408 599 509 731 286 1090 901 1280 502 513 971 503 281 162 193 457 405 274 340 89 232 1267 290 178 301 1010 361 551 617 392 731 84 557 103 818 439 914 524 201 520 255 313 896 801 511 1298 417 917 504 1075 676 268 520 312 527 157 337 443 815 398 302 365 225 254 333 225 400 338 356 235 27 167 358 574 283 429 483 959 293 249 256 790 887 930 512 244 482 327 1483 897 1000 389 364 774 174 138 691 879 461 587 573 218 259 295 1081 771 784 809 215 323 234 629 470 872 155 1113 1347 591 474 570 186 320 617 739 398 823 1448 181 370 214 392 362 948 534 993 337 246 204 305 392 671 431 289 814 718 924 850 149 376 418 460 651 427 764 238 91 246 418 175 389 704 422 363 296 219 401 230 554 137 862 456 436 186 120 543 463 738 584 264 802 357 810 206 653 121 1017 410 445 638 382 716 274 445 129 494 531 732 715 147 408 154 870 1043 526 380 710 532 127 465 655 356 125 385 748 641 404 803 622 581 393 577 840 844 971 234 442 293 228 531 380 251 366 870 583 663 490 577 297 228 97 341 493 837 379 377 486 366 257 123 82 489 206 95 642 308 472 449 491 640 408 499 447 584 626 113 54 1184 174 623 1082 134 253 318 115 218 597 915 1073 697 838 141 652 602 563 1307 1143 125 1032 1012 482 73 238 189 207 524 688 189 334 143 742 296 356 654 288 846 443 274 632 523 924 267 402 81 1209 345 1227 64 351 680 400 336 581 527 710 383 748 450 632 300 178 686 650 622 979 714 955 344 351 355 344 911 631 637 108 348 1743 257 384 682 929 144 187 211 592 372 176 346 376 315 308 871 386 83 313 570 406 92 185 1068 685 374 438 602 516 366 484 609 490 686 260 382 1272 295 848 327 338 366 962 510 542 329 324 168 351 739 462 151 350 275 488 296 1276 514 144 703 511 341 776 455 1425 649 664 638 536 422 86 550 456 369 413 115 607 959 494 752 1044 1006 453 1170 247 617 174 665 1191 575 1067 719 631 523 1111 452 260 368 941 863 399 240 420 461 1171 544 569 877 322 1295 409 459 236 445 895 1098 232 171 228 326 757 102 361 578 697 613 150 531 351 574 720 545 473 757 211 783 467 921 1247 
514.624
60000
666 652 504 798 456 1089 485 694 181 859 282 439 158 556 185 1011 126 925 243 148 633 828 460 726 293 1713 290 976 448 1692 1161 1202 212 1153 660 495 214 1459 139 1534 411 643 927 577 419 541 469 586 189 374 518 645 960 461 561 542 258 68 639 1052 645 352 777 508 162 294 333 194 228 552 812 184 509 603 200 330 457 1085 1093 101 866 389 455 160 1048 621 416 464 369 735 1182 453 169 163 445 581 779 477 821 398 1429 524 272 1885 601 871 476 574 551 383 550 413 193 524 181 619 75 1408 474 342 333 647 1460 441 193 490 1734 425 631 567 460 1571 627 961 440 314 736 291 293 540 859 425 843 220 492 106 587 492 509 611 408 828 355 616 157 278 100 273 410 1249 358 607 1252 377 677 548 589 379 410 872 765 311 473 315 1043 516 686 376 451 467 232 341 684 166 657 738 279 216 26 1072 197 594 473 385 204 943 273 879 410 233 1370 295 258 1035 1006 863 313 127 569 408 722 365 975 641 491 800 544 811 669 285 228 1183 419 759 1291 379 532 237 359 180 167 521 165 455 188 143 474 369 1372 872 386 340 706 227 1326 414 677 433 725 776 571 291 1070 320 877 396 500 293 570 1222 412 1339 514 395 528 431 582 595 258 168 1076 389 569 640 1003 691 356 482 614 299 376 242 455 277 670 730 410 357 212 347 516 723 184 700 612 561 484 507 1719 361 294 387 495 576 255 316 381 103 121 174 518 324 202 105 223 233 290 422 928 114 759 1367 693 682 767 855 199 1264 221 503 1039 795 206 1353 391 375 422 398 436 710 529 903 721 419 1118 141 305 106 311 166 318 178 410 177 281 413 506 616 622 575 271 577 504 942 673 322 180 519 500 340 1097 680 189 373 1292 447 286 546 346 695 321 908 472 551 1079 1068 144 176 143 671 542 167 428 316 461 834 92 661 988 318 615 521 582 942 405 364 202 436 55 234 1144 530 241 315 320 646 122 311 223 245 534 915 830 75 317 995 252 496 456 1240 748 599 319 187 687 302 494 817 2024 648 933 708 457 412 662 329 1002 583 341 510 192 552 769 708 146 659 166 115 74 268 482 46 1167 1032 910 504 344 547 328 223 286 507 565 612 1305 266 1097 87 584 364 157 583 203 348 1173 988 465 289 279 418 617 524 173 328 430 177 332 578 1161 374 
544.374
65000
1080 205 187 636 618 442 150 710 285 235 590 687 426 345 273 476 282 260 282 198 508 1541 510 555 215 244 199 399 221 876 290 763 737 1013 451 473 355 819 586 519 300 958 700 103 495 869 100 483 197 408 223 166 649 237 448 116 157 447 1321 1106 618 251 491 764 1126 638 929 983 212 233 515 388 440 495 523 696 495 84 758 562 275 779 683 196 532 532 257 529 591 1703 666 364 484 195 109 583 489 817 555 280 1174 816 418 302 693 91 117 247 503 148 841 318 363 456 317 418 332 161 1040 246 451 1114 165 1090 154 539 84 197 347 594 402 528 151 1258 518 348 224 560 540 1481 436 403 406 387 709 326 998 691 608 559 172 226 1391 292 289 538 688 160 953 663 142 346 876 484 447 831 392 94 359 278 772 162 780 260 474 306 238 271 249 275 415 421 304 337 766 530 316 368 526 831 250 720 536 348 948 604 415 422 334 990 566 828 434 619 690 738 236 218 137 298 250 377 268 589 306 666 232 1165 717 366 335 970 972 559 717 770 440 852 601 990 457 1395 569 117 269 350 165 506 308 348 240 897 448 507 246 294 681 501 278 983 303 524 943 151 123 182 209 509 254 323 315 528 719 465 271 503 827 272 250 175 339 329 1083 577 298 78 343 189 173 329 192 137 627 144 882 268 88 289 445 1056 777 282 501 156 167 354 601 1225 78 708 462 797 1054 410 616 871 524 751 390 136 983 794 223 530 91 834 213 899 185 264 772 361 716 413 338 702 399 623 382 278 555 841 901 349 464 216 727 391 1066 1011 157 38 257 465 865 770 950 415 285 493 406 937 551 217 101 270 253 213 540 715 684 998 853 715 272 404 832 524 419 616 873 839 730 378 799 373 475 595 717 314 989 273 594 289 1676 294 91 401 712 1103 67 638 703 228 272 424 128 629 1707 751 424 668 284 1312 173 897 226 710 259 382 1195 481 587 595 44 217 579 1201 768 847 562 109 827 567 1526 354 199 219 830 179 273 633 750 766 562 464 629 565 426 291 367 609 334 750 364 446 297 721 584 441 1125 436 518 729 203 634 1207 347 718 256 489 354 1244 379 1039 332 261 150 432 554 752 969 486 1380 1037 1094 743 1522 376 204 980 458 361 424 791 138 598 487 400 582 401 181 452 319 585 844 569 1033 328 442 
521.346
70000
907 762 199 682 359 464 268 560 181 129 879 619 88 111 64 172 131 448 807 588 378 534 1085 402 89 325 711 504 155 581 185 863 381 1365 79 154 520 851 951 792 90 419 762 159 801 421 493 639 232 580 824 50 1007 603 252 317 382 200 791 141 237 790 815 248 615 434 684 153 208 150 1045 532 626 307 673 293 503 548 562 458 337 256 343 152 1091 372 500 327 196 497 166 249 1141 295 304 193 316 1244 688 1080 194 761 208 989 1158 348 542 373 704 253 769 674 789 515 209 363 579 814 1295 742 645 1075 845 309 854 1092 334 468 351 855 380 483 626 715 576 1172 747 312 301 1187 190 403 456 425 573 268 392 803 137 466 811 250 1779 718 745 293 488 413 485 809 795 358 742 220 694 1006 804 891 330 661 256 507 183 340 641 361 598 728 562 475 209 293 320 407 550 638 284 271 694 997 141 612 905 335 341 76 327 198 758 834 690 195 702 1188 303 812 522 1100 291 308 375 281 303 247 252 421 418 715 209 56 652 745 343 716 691 1004 168 839 530 864 921 659 813 252 402 438 263 654 954 391 524 614 267 1121 404 233 552 660 859 223 349 562 365 237 178 837 572 683 754 525 838 498 831 473 635 125 379 495 202 726 909 326 340 348 596 399 115 905 371 654 152 270 90 665 936 233 941 336 1090 165 643 355 184 326 284 444 950 908 712 517 462 550 384 212 422 994 247 588 714 80 779 652 458 1081 311 707 500 612 206 345 218 481 289 986 1140 838 1135 227 257 2151 333 1272 513 2180 692 578 559 1054 1314 993 170 303 590 678 862 356 488 158 1076 1127 933 180 383 125 326 589 539 227 368 352 163 664 385 496 996 246 158 389 676 69 1274 1155 160 310 641 474 614 550 504 466 138 454 430 14 941 319 618 457 271 447 521 334 647 437 383 440 509 350 715 473 167 343 917 1150 279 533 659 778 832 1449 754 661 560 751 198 479 524 766 1046 368 603 804 386 483 284 995 753 467 179 394 863 473 120 119 85 871 453 422 440 745 554 698 500 253 611 225 139 548 285 420 192 921 1105 571 59 676 162 910 168 964 306 505 34 162 335 1026 434 587 309 1309 1470 857 808 332 415 711 299 925 326 320 830 157 285 311 671 787 822 235 790 562 283 525 383 396 591 489 426 1400 827 484 
540.016
75000
469 511 145 669 376 258 180 298 301 712 1089 680 812 680 153 758 764 1370 194 158 602 1018 561 402 312 258 775 854 747 536 245 542 723 854 257 173 425 395 459 650 906 671 243 126 233 632 379 185 352 1133 282 510 372 604 202 354 1100 104 223 1157 259 776 480 213 355 1556 400 1012 521 393 1339 667 564 588 331 429 255 1216 695 507 292 461 353 590 887 1025 272 480 456 571 561 215 330 550 584 359 888 1165 334 877 562 354 109 877 988 530 418 418 558 204 1495 153 731 371 290 491 181 654 829 832 184 817 451 760 506 817 420 870 452 479 238 1144 574 429 442 194 235 200 816 747 100 478 269 469 929 320 69 289 631 377 298 158 583 494 276 690 248 600 323 765 512 554 1116 392 219 756 400 942 1840 163 330 318 526 681 262 564 142 184 232 189 981 62 686 63 455 454 124 184 432 385 202 326 551 462 257 115 642 642 307 530 741 430 248 443 933 455 326 790 151 384 387 266 281 550 205 340 729 196 792 473 931 597 346 682 1050 318 558 215 205 1407 746 832 214 610 217 415 278 533 67 1066 245 402 76 184 697 184 223 382 766 187 572 172 669 233 72 147 305 268 276 846 498 561 599 342 451 316 519 325 446 650 881 700 617 774 732 382 373 183 470 157 607 397 386 296 677 596 172 102 630 1371 354 199 508 553 1084 347 384 313 536 168 1270 431 613 817 1012 393 74 241 396 389 487 284 829 797 442 555 567 949 872 541 266 376 803 2091 661 991 169 1328 208 467 456 577 178 443 271 704 370 543 996 942 738 976 823 470 414 627 438 442 156 432 1170 973 652 241 393 625 311 648 567 414 314 356 636 292 936 292 493 656 189 369 1172 258 455 761 666 316 324 935 271 504 550 558 710 611 741 359 430 295 396 799 376 109 630 392 629 499 461 98 1264 420 1083 254 478 729 179 444 300 390 652 462 490 460 544 992 75 388 83 84 198 228 676 1034 259 568 193 413 298 581 295 758 530 822 321 496 430 576 109 1808 726 219 617 944 297 318 679 97 470 773 637 1197 938 661 395 479 554 561 649 807 555 372 952 811 804 560 615 433 415 445 739 389 969 500 664 606 734 377 158 292 806 411 398 652 404 642 679 624 655 106 162 1194 523 624 290 683 355 779 557 1341 1499 656 
526.47
80000
561 107 409 732 1190 1261 311 495 610 386 653 220 1020 926 359 184 85 422 955 807 848 507 442 735 476 518 537 310 193 429 357 552 426 457 396 158 358 1108 212 1287 387 694 545 373 191 440 495 217 439 1030 203 899 448 263 650 648 483 128 93 442 122 1308 734 612 857 352 217 500 271 540 517 580 454 481 171 663 1075 441 842 247 179 156 139 261 587 352 197 375 334 1003 661 489 824 769 482 399 156 1052 637 262 689 1205 96 1204 325 608 852 170 600 310 793 547 380 346 220 642 509 121 451 307 431 1420 126 381 142 549 432 929 346 595 87 192 96 1511 575 132 256 970 289 548 365 582 613 201 969 610 481 495 551 466 160 353 429 412 253 390 714 674 311 629 879 888 735 183 362 331 624 733 233 332 630 622 640 497 521 904 48 207 434 446 193 228 300 613 378 371 525 333 1003 766 686 411 372 704 250 366 393 579 643 458 1530 857 1277 438 240 730 234 131 516 614 305 951 1082 564 664 636 292 474 349 1236 578 297 521 294 74 680 750 1093 677 979 409 223 418 783 354 295 711 50 966 964 487 776 374 886 537 1029 415 479 204 871 495 904 1347 574 526 425 522 214 757 451 212 456 991 89 527 562 363 859 371 202 449 438 1835 959 1096 367 1805 134 142 731 464 638 147 1446 832 486 541 500 807 1098 350 278 376 273 1244 755 391 864 2177 360 467 623 666 1079 530 408 225 780 114 346 551 591 558 307 339 328 525 237 1347 243 711 339 759 560 119 647 374 658 835 542 514 247 795 247 810 880 499 939 280 993 316 423 657 428 476 313 424 128 1197 279 1056 302 1042 634 318 108 514 207 663 794 398 259 817 963 1102 531 412 767 159 386 1357 943 352 909 500 1155 529 554 360 114 265 343 599 141 587 499 584 189 448 1214 606 544 587 737 273 478 325 557 1469 620 1494 641 369 810 761 1229 405 329 150 524 524 949 822 578 602 788 235 808 1010 171 737 429 853 886 459 290 820 213 794 1010 326 1140 847 1090 648 700 607 947 1018 1004 774 478 397 130 1328 1515 1300 712 625 1097 844 346 1048 943 277 1152 228 328 1046 412 829 737 458 1437 888 559 154 205 1194 641 712 405 200 487 923 150 996 694 283 555 167 231 1399 166 476 912 658 732 417 1226 468 1075 601 888 526 662 204 706 1135 154 
577.16
85000
643 331 858 1065 311 603 523 251 549 644 543 578 136 548 431 761 651 633 878 96 643 1197 780 121 639 217 1029 615 411 412 743 734 1168 379 353 245 857 486 648 990 736 492 470 737 1056 491 818 530 899 1043 351 352 676 871 109 816 308 408 764 1195 284 404 457 611 703 1907 400 857 211 572 764 774 293 819 1157 251 268 433 169 386 756 491 166 320 605 767 134 890 196 1067 564 763 558 489 380 864 967 836 435 226 441 888 493 815 574 850 124 414 464 488 1353 914 446 619 250 903 265 490 241 203 325 732 1457 1200 912 724 778 789 428 1143 553 546 974 1913 276 471 487 473 385 324 609 708 531 806 836 423 863 498 1076 339 204 1398 346 940 378 1370 392 409 227 197 441 317 809 703 638 233 548 462 330 418 483 382 1110 459 1161 141 614 390 315 480 163 410 110 376 1456 551 129 266 224 582 163 207 826 320 561 272 754 656 242 547 721 126 108 914 348 855 202 111 133 211 544 371 763 178 353 628 329 887 399 418 1395 451 447 439 337 722 180 716 174 829 779 688 1408 888 591 576 305 193 486 726 486 1002 635 421 1192 161 686 420 613 1153 658 409 329 477 971 327 209 539 782 551 827 994 160 656 608 352 749 868 174 663 475 160 349 682 234 378 502 736 448 672 419 666 334 210 696 704 288 547 619 506 188 137 503 707 573 639 360 1034 366 642 270 227 469 230 721 424 767 292 260 161 347 242 219 89 256 280 398 1785 430 495 768 893 571 1005 239 163 399 319 638 1036 553 1744 689 183 607 265 146 1379 631 1107 254 557 143 549 1428 324 410 115 586 805 512 444 215 418 758 533 338 255 114 377 721 761 661 645 930 764 272 130 411 233 582 912 662 209 1004 233 578 341 109 345 567 741 776 478 200 494 530 549 181 723 322 332 562 416 925 695 325 105 869 805 512 655 530 1047 390 907 275 213 318 253 648 1351 137 486 186 582 254 1073 787 285 308 209 688 1525 757 1070 933 253 459 212 266 904 338 2064 346 678 563 615 141 1825 362 502 267 264 838 341 647 147 265 658 531 811 1101 541 186 303 1020 601 314 679 146 803 260 199 557 701 353 439 307 217 459 222 258 193 1233 991 588 1018 205 674 341 214 366 443 935 1023 141 253 830 801 911 486 538 360 877 173 714 610 248 638 
559.582
90000
439 440 280 1677 981 565 297 331 308 329 785 492 385 325 296 412 692 326 440 1060 628 732 384 619 1208 406 442 1726 666 1029 636 498 149 810 588 596 352 905 823 649 650 1169 250 524 1101 275 830 592 329 781 379 697 165 868 361 569 1112 833 614 1136 840 768 1103 436 817 1130 114 1108 332 443 928 43 1790 268 897 569 480 439 526 844 448 852 292 671 706 192 614 507 518 1478 377 635 603 1105 257 661 114 562 1454 917 813 429 359 935 976 938 467 305 1220 801 1408 113 531 162 191 435 622 721 339 1345 290 502 579 414 768 981 383 887 907 960 418 314 428 694 466 1023 337 666 207 459 434 714 196 451 408 342 444 110 939 686 733 502 1159 910 553 210 1702 413 348 808 525 596 187 874 687 709 793 499 422 703 169 579 473 626 272 1042 922 583 943 709 468 178 692 274 317 196 187 819 268 977 817 1233 718 860 179 527 241 139 602 406 668 74 400 586 598 796 680 462 363 260 1073 176 255 527 56 322 344 60 320 418 394 208 648 621 191 841 643 254 679 591 194 183 703 579 292 399 360 678 706 198 340 246 498 512 239 317 333 786 698 650 710 361 1073 313 627 222 390 307 906 624 281 716 1073 561 634 508 237 940 250 581 843 204 100 414 713 471 587 634 285 118 169 542 608 177 260 291 430 452 363 921 52 686 482 149 363 347 379 871 842 827 636 534 246 1042 142 853 364 446 203 224 747 434 164 279 517 635 265 1120 495 709 579 422 669 1019 224 709 173 582 466 1543 830 1173 980 2294 500 616 851 126 336 153 565 269 667 864 1097 537 897 381 413 524 1559 798 230 114 104 624 1070 388 336 194 786 843 469 238 716 502 705 254 488 360 543 878 479 749 546 314 536 680 271 496 876 516 370 672 808 703 305 752 1247 559 1555 601 585 306 163 293 307 576 1033 1020 733 734 588 1604 1440 895 604 188 478 675 764 266 883 140 408 266 332 817 364 675 908 1668 882 1083 698 356 497 215 1026 770 199 547 291 445 279 698 633 679 709 512 893 235 480 1001 383 1040 941 350 495 820 480 320 437 852 698 892 137 545 190 181 569 607 1002 437 309 402 202 733 140 602 494 1151 575 1169 240 244 405 465 331 540 356 777 572 197 1370 640 205 417 450 473 641 557 671 685 370 743 316 524 244 1090 
581.246
95000
630 190 213 895 1366 917 287 1032 286 487 947 364 405 266 403 1030 872 217 998 347 781 885 1294 462 143 381 1356 722 500 1401 665 390 487 856 931 372 401 1772 552 1092 742 858 504 344 568 1180 1317 403 627 603 1486 274 442 986 350 537 346 337 774 335 789 1498 1365 1086 955 677 472 515 1002 564 613 405 431 323 264 258 810 679 133 666 521 459 350 259 1466 339 595 242 241 309 1181 531 496 647 255 584 1018 679 792 897 725 640 768 600 249 756 170 677 289 671 670 544 455 1013 232 266 402 1076 442 207 773 1308 226 68 509 1375 504 1716 252 1831 904 1049 501 935 582 583 544 221 499 267 438 789 1024 300 497 381 327 369 712 734 707 273 311 415 202 954 399 935 1185 807 874 759 1047 533 1028 205 592 333 464 485 442 488 914 503 340 1167 672 572 432 291 619 555 254 781 205 563 538 357 862 1247 321 222 671 675 629 76 733 928 663 712 1071 329 248 1267 409 726 926 256 450 129 258 1284 214 325 435 615 552 801 676 952 483 667 933 534 586 70 837 1104 364 855 385 529 498 838 524 317 755 672 848 1206 241 1016 476 308 447 803 843 418 356 1316 689 302 475 941 266 325 146 490 1038 926 499 692 1193 525 172 1089 377 379 216 455 995 358 176 534 496 436 578 528 707 836 332 129 280 469 989 335 317 910 1670 453 830 625 873 147 458 654 481 1201 1375 816 1070 679 838 356 371 459 356 168 444 911 889 267 610 574 661 1322 644 907 83 512 1817 467 1231 909 204 797 434 1787 708 818 805 1122 470 501 962 965 1143 278 286 387 718 353 353 284 878 375 481 765 1595 516 1100 202 749 800 546 499 163 466 364 884 54 1442 469 691 581 639 427 377 644 610 724 645 141 889 828 1130 355 568 440 497 656 163 275 274 1412 1031 498 389 909 1006 82 681 673 821 310 670 543 898 415 1859 1189 1269 930 992 370 452 372 288 479 287 934 846 500 243 145 378 390 323 426 963 476 623 506 1532 631 579 519 423 372 387 974 1234 1018 478 253 938 279 1500 607 1576 444 1216 551 673 445 173 256 625 445 869 889 843 1364 522 499 375 805 483 563 394 1355 768 1564 591 1410 611 440 121 686 329 841 181 416 980 667 602 373 569 171 623 643 156 226 539 675 223 543 382 332 482 1118 477 585 542 939 888 492 1022 729 946 
637.38
100000
378 920 248 420 521 1278 423 792 550 493 766 460 716 582 299 1381 313 308 404 836 1504 1856 1057 1157 471 539 675 637 593 1599 371 978 487 925 616 657 1063 762 1014 1065 195 568 1695 566 650 128 516 192 1058 885 183 586 474 110 433 351 391 278 434 1148 210 294 379 790 947 237 537 404 320 644 513 69 1388 882 434 442 1145 646 472 508 459 228 367 231 832 525 539 357 582 331 420 911 611 1330 345 330 619 503 236 726 531 207 418 455 854 1052 678 296 1029 336 1125 446 1359 387 554 541 714 360 222 644 580 1124 1000 498 486 1396 697 841 504 1051 1131 210 523 617 448 240 440 562 580 1999 622 962 1001 495 546 389 1651 601 1330 521 251 435 1012 482 71 1131 506 339 888 1205 340 162 1375 1045 227 1002 535 896 346 332 1040 626 696 831 1807 1446 669 554 259 441 441 491 630 1053 1278 2224 417 862 996 875 535 812 783 588 384 467 687 662 1455 1241 1038 1207 171 489 969 620 285 210 351 772 521 485 357 854 205 527 187 354 552 548 486 794 158 1403 203 420 756 946 68 715 943 107 163 711 375 552 207 419 579 981 413 548 262 548 607 562 219 392 509 949 826 146 606 1098 446 606 286 965 761 1298 166 249 1074 534 460 845 347 186 379 655 404 426 555 396 612 420 594 238 834 234 378 182 277 180 841 421 372 173 405 1216 1116 572 652 898 431 526 462 241 361 783 1066 539 239 511 1093 609 352 349 384 454 257 522 319 351 302 998 153 1033 390 311 415 1742 1174 455 473 388 191 881 336 683 101 1938 523 587 226 1029 810 445 334 449 148 805 824 223 319 258 236 99 882 456 151 488 1155 585 211 327 835 752 483 625 131 641 492 573 338 1647 499 793 337 176 1183 511 930 403 216 595 876 367 362 552 492 225 333 483 727 293 610 469 462 403 687 763 661 1062 651 848 572 963 527 1105 1077 422 431 808 508 1503 413 702 111 392 659 500 295 421 164 494 1017 827 385 449 604 1756 513 276 703 754 759 1164 79 1768 192 356 103 829 583 903 147 658 1131 360 441 853 1126 297 797 407 578 386 201 763 518 949 616 477 641 696 2058 1492 1024 388 628 529 1176 326 293 656 459 1213 203 268 1178 849 1605 338 199 928 1325 557 362 836 238 520 667 339 1149 1039 731 359 437 573 453 765 492 152 1149 215 750 1211 1210 392 
627.072
