500
64 150 53 35 35 50 54 57 26 93 131 72 21 23 78 59 105 52 54 78 63 62 66 28 109 64 41 99 118 49 42 19 56 42 92 36 110 64 28 101 64 35 57 54 86 66 35 75 89 86 47 65 78 145 64 94 28 68 60 21 43 111 79 31 48 131 38 137 57 79 108 43 37 104 30 37 46 53 22 44 45 42 80 69 78 15 58 38 93 26 83 53 83 113 76 39 47 166 49 60 48 50 43 63 55 125 64 54 53 40 42 33 48 53 32 28 102 48 80 48 30 63 69 57 55 43 48 14 47 60 25 90 67 78 39 26 110 40 42 64 55 18 82 45 30 35 35 43 43 47 45 68 74 60 83 52 80 61 112 10 43 27 20 78 27 72 89 113 67 61 124 45 55 135 48 96 16 25 27 35 74 102 39 68 63 70 35 25 44 32 59 98 31 84 84 33 35 82 71 42 45 84 38 46 77 43 79 86 27 32 76 130 58 49 35 26 85 33 39 47 121 125 81 22 61 34 23 44 46 14 49 36 20 134 80 115 82 43 39 81 42 98 33 34 65 27 78 61 48 105 48 40 80 49 57 38 76 113 40 39 47 42 68 40 105 102 71 48 50 73 76 35 19 62 28 84 25 70 56 38 14 45 18 101 34 61 65 55 12 38 80 64 30 71 93 23 64 69 28 83 49 72 68 101 61 46 47 105 81 57 32 34 75 84 65 55 65 62 135 122 32 54 68 47 134 87 74 66 85 35 49 86 75 39 45 33 104 111 31 84 68 113 58 41 16 95 122 85 91 89 59 18 64 57 30 76 76 68 84 63 96 31 74 51 43 48 67 51 77 88 93 73 80 55 56 104 56 34 63 95 45 63 131 43 50 102 104 104 26 94 123 89 65 81 50 108 66 27 43 61 56 16 52 15 65 85 53 26 86 58 20 84 64 39 65 28 85 46 59 54 48 106 39 30 82 6 35 36 25 16 38 53 30 101 75 50 77 65 27 54 46 59 70 56 59 17 71 75 37 122 48 29 34 60 40 48 72 40 55 39 94 82 19 106 32 53 47 79 77 48 70 34 39 78 47 17 40 59 34 34 22 55 39 65 65 50 80 38 39 15 88 67 61 58 25 16 13 98 84 37 
60.052
5000
137 248 89 58 59 46 152 132 158 71 132 32 130 79 51 75 259 106 142 99 165 162 210 133 82 116 96 113 82 79 82 48 91 132 47 168 163 114 70 39 177 77 174 109 257 48 121 106 43 143 76 149 71 127 117 81 154 181 122 118 57 179 79 78 33 109 54 36 72 45 99 37 26 149 47 253 123 70 26 127 39 85 86 94 119 143 83 51 246 21 155 126 49 79 108 118 120 132 147 106 154 85 247 137 82 100 53 140 236 99 192 150 152 59 125 63 102 88 108 143 70 81 42 36 211 82 63 198 79 109 53 60 83 155 88 131 238 137 76 101 50 75 163 78 138 30 76 61 91 99 101 79 127 136 52 87 74 81 89 82 19 181 104 148 105 228 70 120 81 141 141 86 26 105 107 82 103 63 92 146 72 114 93 129 39 146 66 46 60 22 47 102 94 150 105 115 77 202 79 63 216 159 121 74 289 138 63 185 75 107 101 60 162 94 128 110 141 55 47 165 194 53 168 99 81 153 143 45 35 95 145 95 279 104 175 251 155 75 25 92 334 165 84 93 226 118 37 91 133 93 107 120 65 62 180 114 199 95 71 123 56 107 289 208 79 169 86 66 188 254 74 158 202 103 167 177 42 35 143 119 193 97 194 56 50 157 64 175 114 67 94 192 106 183 135 74 131 145 105 123 84 161 132 105 87 169 52 20 165 217 166 119 174 111 141 39 110 183 144 57 104 85 39 39 174 59 136 165 30 55 101 100 256 127 120 81 86 89 41 94 82 40 62 169 82 99 119 259 171 88 86 35 39 91 60 82 164 152 184 24 127 215 83 104 37 66 223 71 106 35 184 51 100 162 93 140 134 42 56 42 78 108 94 203 178 145 254 53 96 174 118 81 145 53 153 64 197 69 89 128 202 30 92 135 167 98 115 93 179 58 62 31 49 157 78 65 100 64 47 83 59 52 83 36 97 115 49 86 186 133 87 57 133 94 129 132 75 38 23 106 38 58 39 65 212 24 146 151 147 32 78 48 72 189 45 132 178 178 77 68 119 136 53 148 147 152 127 135 150 81 102 16 40 426 66 111 69 131 105 117 17 65 52 95 299 131 42 39 96 187 45 207 69 89 167 249 51 68 221 103 
110.24
10000
128 165 160 115 157 56 81 191 85 227 119 132 53 83 191 211 215 65 84 141 57 276 134 96 99 224 76 88 165 140 83 27 119 188 46 259 181 181 43 140 186 161 211 116 163 62 145 268 111 152 122 46 62 116 218 191 203 97 59 98 67 67 121 226 34 237 135 90 99 85 40 96 82 44 61 188 83 52 185 106 56 68 142 166 243 94 23 79 101 84 211 112 48 42 105 286 54 75 318 115 173 104 110 164 166 107 149 174 224 105 75 57 123 171 35 75 187 69 118 94 141 85 109 77 312 96 107 195 71 220 79 80 224 174 111 161 25 149 136 292 54 91 94 257 307 78 79 331 56 75 152 79 53 54 149 25 89 84 137 160 125 192 151 129 67 285 195 85 238 39 166 162 31 376 105 109 119 147 54 81 113 92 163 137 107 186 187 64 191 231 125 151 136 62 165 95 47 109 80 51 72 156 181 80 145 52 175 76 122 176 72 92 154 237 221 89 69 212 190 121 163 81 134 107 163 175 219 102 54 95 156 108 97 237 170 197 143 46 232 145 35 100 209 54 135 71 162 162 83 75 184 156 287 217 185 163 68 216 25 211 95 240 91 75 126 480 228 155 248 125 53 168 94 167 163 216 39 144 137 72 36 282 150 147 106 124 215 198 125 67 241 110 155 73 160 85 40 196 38 104 170 83 112 67 249 59 87 171 194 180 124 126 145 138 123 71 67 215 95 181 161 258 137 155 316 226 37 120 163 126 129 86 88 113 107 86 99 115 123 108 213 77 49 162 89 181 125 33 73 126 47 199 83 69 65 160 156 339 97 36 321 74 31 94 188 146 137 170 63 123 173 48 39 178 78 157 198 134 88 156 91 228 103 234 83 171 160 81 109 191 127 185 85 86 84 233 89 55 94 160 104 266 71 92 41 107 158 119 171 297 373 100 150 123 101 101 152 235 86 164 130 181 372 55 100 88 118 32 134 147 89 65 73 137 103 117 32 83 54 79 173 200 230 130 169 67 69 89 87 195 184 210 153 145 25 134 136 217 191 182 160 300 232 88 45 208 204 119 155 81 118 41 142 42 61 79 115 177 71 183 93 318 22 85 43 112 193 122 108 132 125 109 50 189 188 235 128 72 131 119 
132.322
15000
98 158 306 161 53 99 334 472 140 95 146 90 223 45 22 136 64 105 165 88 111 117 57 66 180 121 191 236 195 105 197 136 75 208 81 145 69 156 46 147 136 128 141 68 355 43 315 217 90 394 100 82 37 179 54 84 348 174 165 196 337 249 57 145 106 198 180 203 161 237 166 51 45 287 58 223 103 103 82 184 213 319 26 173 222 99 433 36 271 117 171 49 222 208 174 319 237 188 105 57 89 268 116 205 233 58 99 104 369 326 61 54 81 68 109 100 207 42 135 100 135 116 155 65 76 55 79 117 118 154 97 106 151 104 195 278 201 80 123 145 169 127 155 67 134 157 54 130 88 374 91 132 59 192 112 76 102 195 70 43 101 80 158 145 311 335 259 158 105 160 40 108 89 229 42 225 38 30 39 138 234 74 125 141 58 199 134 158 142 84 141 264 161 102 182 154 103 111 219 148 81 105 109 107 101 58 175 117 128 238 230 62 204 136 177 161 235 325 63 95 200 186 122 153 56 34 286 153 88 57 157 57 43 169 195 304 144 114 100 218 142 203 184 86 134 78 99 212 71 28 99 74 115 122 30 150 69 130 150 44 36 220 170 113 216 37 102 253 177 111 316 59 49 217 31 43 113 191 55 135 63 106 44 310 69 221 185 91 202 65 178 86 172 94 95 95 23 205 51 86 302 45 73 69 84 254 136 64 183 202 57 105 115 113 72 111 292 97 159 64 107 187 76 178 184 106 211 51 93 281 60 273 130 175 154 124 85 100 88 160 143 73 100 82 206 39 69 281 128 280 71 261 176 259 155 93 189 273 80 107 145 71 95 145 70 194 165 138 237 113 202 117 198 146 50 67 99 53 116 72 151 74 44 147 328 153 60 168 119 213 47 165 141 234 204 237 70 110 44 114 333 103 50 152 130 113 174 59 247 183 333 36 222 215 146 260 118 126 279 45 28 137 316 223 78 95 242 98 111 331 109 163 97 131 141 105 62 122 191 210 156 99 98 161 150 255 44 97 66 201 48 122 175 50 63 70 137 91 234 174 85 142 266 51 94 119 146 74 291 103 90 53 74 292 90 116 41 332 129 136 48 197 184 76 346 52 178 140 245 243 98 159 216 151 135 152 179 41 79 104 
141.57
20000
158 161 40 104 256 189 176 81 179 213 152 136 102 141 220 109 35 347 188 127 145 152 198 40 138 152 247 146 28 90 247 90 67 123 132 158 109 148 99 55 137 221 244 54 91 230 96 561 65 347 121 188 82 151 102 57 192 359 239 141 85 162 106 120 205 188 248 221 310 181 200 83 179 160 244 94 278 75 52 149 257 97 96 149 90 62 154 29 61 185 345 271 297 274 115 327 194 160 205 153 252 67 210 156 161 155 95 72 123 170 125 301 79 54 82 86 250 111 96 51 188 116 184 151 77 118 35 109 103 66 94 37 48 53 369 214 144 43 273 71 113 269 308 77 212 234 102 183 53 79 100 48 330 253 112 90 145 126 265 68 161 184 164 83 376 228 347 45 284 98 82 227 143 359 96 172 62 59 203 179 95 237 67 157 71 119 82 123 110 123 117 206 147 101 442 234 48 19 187 137 159 75 116 70 194 106 51 88 113 228 147 111 68 126 40 111 177 29 77 115 199 404 66 88 90 112 87 99 172 36 304 89 259 386 177 297 190 216 79 262 84 53 111 233 186 86 80 111 171 52 53 106 170 181 83 77 121 154 165 29 117 195 129 134 230 241 233 118 172 133 46 61 175 173 73 112 73 123 190 341 62 98 187 124 79 34 63 145 78 135 277 232 123 34 58 172 205 257 169 103 103 59 169 100 69 393 110 146 188 117 142 122 33 404 291 48 275 40 103 40 113 277 231 145 201 92 66 31 292 223 83 103 100 494 167 177 225 116 104 162 193 171 104 94 57 96 229 74 205 160 40 86 88 80 169 122 226 42 159 28 349 143 106 332 50 38 279 35 45 163 169 110 122 120 46 133 186 156 149 77 145 145 53 287 190 142 211 48 231 100 113 98 103 114 140 241 290 315 147 163 95 45 97 62 218 158 92 148 87 258 84 108 137 107 79 118 276 243 98 60 25 176 178 248 118 171 121 119 156 70 296 192 103 214 82 64 175 111 58 234 182 88 73 102 85 109 163 182 141 169 225 137 140 149 43 120 82 212 100 219 74 22 25 220 62 105 103 164 199 192 238 212 68 18 59 138 243 99 85 108 50 186 42 35 178 110 270 75 133 112 301 97 125 149 106 166 98 115 35 53 
145.406
25000
88 83 51 118 107 32 159 58 224 200 115 204 100 236 157 53 224 290 113 102 83 217 201 182 124 88 254 78 152 199 314 292 87 82 84 221 191 99 30 164 95 57 180 305 130 153 95 325 152 195 98 129 215 78 50 68 135 62 131 192 73 199 138 76 108 115 155 93 205 385 164 99 151 216 48 334 68 72 247 159 78 93 99 98 327 59 288 77 190 276 197 119 260 172 221 93 87 106 289 256 170 94 117 111 142 89 225 357 221 228 90 166 259 180 234 124 194 81 255 87 203 239 72 173 72 122 228 272 198 142 153 132 69 156 136 132 420 160 124 199 209 89 126 87 38 105 91 215 34 194 134 89 107 162 485 239 338 77 204 236 40 215 225 113 77 324 147 176 238 311 236 205 57 359 146 221 111 215 119 170 67 47 54 182 185 122 127 85 89 143 404 89 88 150 107 24 105 263 235 471 64 170 212 97 167 165 249 80 31 195 153 178 144 178 198 156 342 165 181 96 150 126 210 98 126 276 131 130 156 205 185 52 79 156 171 103 90 62 43 130 250 219 226 121 373 55 54 121 229 98 134 194 45 109 101 144 286 462 62 140 50 86 171 78 130 192 62 259 209 117 76 99 218 145 133 79 79 241 85 185 292 138 290 65 55 152 273 125 158 104 138 144 119 79 88 256 117 161 81 171 164 209 132 80 43 89 190 75 173 101 238 200 83 72 203 224 86 230 68 133 214 65 234 79 59 152 131 185 33 221 72 118 160 162 97 276 146 205 100 143 221 240 112 170 92 173 152 193 129 334 162 363 361 115 103 256 175 160 51 76 260 379 58 191 108 49 86 126 303 151 117 104 25 133 75 95 77 158 109 90 173 221 113 216 158 78 173 44 173 175 242 154 247 77 104 205 89 35 365 46 110 150 190 83 180 124 308 371 206 93 134 78 147 111 130 31 233 66 211 65 206 195 101 152 52 79 154 103 127 134 200 130 106 141 158 68 375 37 52 186 57 196 285 67 155 37 102 133 69 451 53 148 109 183 69 204 141 155 29 91 117 226 159 140 124 196 165 178 233 77 168 153 149 241 95 139 134 106 290 125 145 79 170 144 330 180 209 94 40 133 21 186 137 271 146 242 135 156 120 149 
153.838
30000
410 107 189 17 230 262 232 133 106 56 60 115 154 225 50 112 174 69 296 110 313 156 347 85 265 157 78 59 122 137 122 157 62 233 88 79 51 221 176 205 365 166 228 86 129 122 195 90 124 214 235 105 155 272 210 162 80 208 307 118 247 117 108 21 114 80 113 249 167 111 40 186 218 163 66 224 173 207 270 119 297 177 23 140 211 210 138 170 359 95 136 186 65 57 165 104 76 260 90 161 133 351 151 339 125 82 243 147 83 163 70 84 211 172 201 151 183 98 143 145 194 25 254 134 100 263 256 121 93 166 90 73 214 68 125 78 411 79 199 65 137 76 396 184 122 101 85 42 294 261 164 196 414 136 49 136 178 162 39 157 210 118 349 416 103 231 367 466 84 188 214 288 285 161 70 237 214 192 375 95 370 111 117 182 345 202 111 64 130 252 185 173 138 254 155 115 42 109 96 120 112 123 265 120 62 215 151 236 238 49 167 130 59 212 287 54 291 233 374 183 285 174 31 108 164 329 342 169 186 158 187 60 42 264 290 199 194 26 170 161 132 246 91 121 193 89 189 173 166 39 139 135 223 96 69 154 153 58 49 119 181 160 215 138 140 228 104 228 141 361 102 173 52 124 189 130 85 60 137 72 167 250 122 72 292 112 142 213 186 127 182 183 91 109 177 142 79 314 123 108 59 187 232 103 194 113 133 68 141 158 301 111 272 120 208 96 108 78 159 203 89 152 157 105 148 138 141 283 153 81 234 68 152 236 271 79 198 82 98 49 86 87 114 81 192 152 109 130 178 263 77 182 80 160 58 116 371 159 154 66 24 278 104 471 105 147 237 138 68 77 61 176 83 79 41 202 113 79 68 196 87 24 121 174 176 60 260 161 269 100 94 83 136 251 144 60 125 111 289 100 199 189 263 140 125 98 209 55 82 140 38 193 136 181 151 273 103 221 150 374 221 186 270 122 142 64 206 142 317 213 263 71 107 212 164 83 301 53 116 215 296 202 348 95 273 199 108 184 173 91 82 103 52 252 169 69 269 108 191 108 128 78 61 77 76 226 91 254 195 124 267 154 45 93 246 118 163 93 119 154 134 116 56 248 96 84 261 169 206 246 211 252 86 381 96 189 173 86 216 267 
160.47
35000
308 171 298 93 192 137 196 313 62 62 167 73 136 140 388 206 419 175 135 50 197 551 117 212 114 143 175 97 86 83 137 26 171 291 421 125 148 139 80 265 223 60 121 132 104 45 324 172 97 299 358 131 292 63 83 108 338 90 81 171 92 148 245 182 164 328 37 165 92 141 515 120 72 81 144 225 103 102 111 189 227 88 432 88 130 96 370 269 471 91 228 136 103 281 386 47 158 300 36 70 94 201 225 272 28 325 59 211 133 110 37 216 167 176 200 35 378 35 141 204 52 320 90 89 136 46 106 143 130 143 236 112 114 233 243 165 232 61 111 206 190 206 193 125 130 211 94 48 115 122 77 216 94 126 69 117 105 33 125 39 237 92 359 145 78 114 189 160 229 81 371 163 123 106 81 185 80 73 83 237 139 263 97 449 92 166 91 89 254 65 295 77 114 285 39 244 143 77 98 224 68 175 405 128 185 113 172 26 180 124 77 70 192 155 303 199 91 205 281 171 62 123 156 129 113 68 219 164 35 122 109 290 113 147 86 75 47 96 139 439 235 130 354 60 167 100 307 134 146 68 167 83 64 307 104 92 165 42 116 256 289 213 355 371 130 240 215 270 114 284 235 66 155 99 108 92 122 224 72 88 205 203 33 194 181 44 100 85 184 36 150 51 102 84 162 201 246 124 401 183 147 98 215 222 347 64 187 194 299 167 320 115 130 69 321 202 138 80 75 142 225 110 123 84 190 199 139 89 230 101 62 79 89 78 199 126 92 129 158 152 99 114 160 120 156 140 263 219 88 122 176 139 142 71 52 196 90 107 82 78 160 57 73 88 124 150 103 182 273 188 244 56 99 97 298 176 180 212 142 143 333 116 109 252 110 136 207 140 159 75 136 89 73 127 78 102 75 81 254 185 141 82 155 113 353 219 42 93 176 90 122 114 71 74 133 153 173 156 110 93 56 174 144 118 89 114 271 158 279 257 63 100 110 153 115 251 354 131 76 262 109 65 142 60 92 183 158 194 91 174 98 38 48 255 152 152 77 151 260 139 123 94 321 285 348 66 122 171 43 179 88 150 113 218 118 127 241 278 153 161 97 136 116 253 91 328 155 180 422 239 76 135 269 151 99 44 180 102 487 42 
158.22
40000
141 45 66 56 328 230 183 137 29 397 88 42 85 170 346 170 421 242 331 299 265 265 203 84 296 27 244 156 56 105 61 33 41 144 271 183 60 157 149 119 153 191 174 301 85 170 243 248 35 210 93 108 63 550 78 97 141 313 86 117 88 314 116 113 103 339 324 92 253 193 251 55 56 233 89 131 41 98 62 90 92 418 152 104 127 249 78 237 89 102 73 117 247 300 159 244 65 216 154 183 127 77 105 57 268 170 215 127 99 42 90 244 392 211 59 107 585 155 319 226 174 191 95 205 182 247 331 56 175 180 41 172 63 135 75 125 159 107 108 91 327 156 135 60 252 163 122 90 119 227 73 147 211 225 41 187 135 199 134 37 155 146 135 124 89 60 164 102 91 250 323 65 83 115 29 202 33 101 257 135 119 179 23 134 37 301 163 54 196 63 291 197 168 152 234 218 220 198 62 108 143 134 221 200 139 32 218 205 72 103 192 49 228 197 117 131 106 108 143 567 86 186 371 167 289 152 256 129 203 83 292 351 137 70 243 313 282 192 55 190 322 253 127 103 377 132 199 256 243 69 157 125 176 151 36 79 44 95 136 154 359 191 443 124 193 422 104 138 88 130 174 55 209 117 82 104 79 172 19 329 89 160 263 145 145 136 222 45 301 112 30 206 174 270 141 150 95 313 287 149 55 216 330 263 91 263 259 102 356 134 190 364 190 123 206 22 154 211 134 151 60 246 111 208 24 79 258 127 39 105 177 292 51 185 211 113 222 115 191 172 82 28 358 144 132 290 62 134 313 161 99 100 191 98 72 83 86 206 58 186 127 68 255 410 226 169 219 98 67 66 190 30 134 76 109 355 91 41 147 84 28 65 206 506 213 262 105 258 171 83 85 167 249 214 222 53 262 56 233 291 63 172 53 116 120 86 70 139 82 169 133 173 98 29 221 90 25 104 158 259 161 28 39 145 161 66 165 66 78 154 171 158 52 104 192 241 176 116 101 221 55 227 149 76 382 186 39 178 286 76 125 130 134 319 83 190 143 110 104 90 110 233 152 335 279 91 174 99 36 204 144 98 61 171 97 79 110 123 177 270 134 132 279 353 117 97 52 257 107 46 50 119 226 344 402 109 95 113 121 82 
160.542
45000
176 107 165 89 406 102 226 333 232 199 140 114 110 244 205 178 324 262 257 130 132 170 114 235 107 235 140 157 141 172 89 203 113 191 132 242 123 89 37 54 306 72 138 129 116 65 102 82 130 289 124 306 322 285 93 127 196 82 126 89 138 190 183 213 88 133 54 270 344 168 109 91 83 108 154 320 59 92 346 303 53 173 132 150 160 191 208 174 95 101 101 162 303 284 72 66 296 124 193 386 170 83 217 73 232 157 108 92 300 131 202 248 48 84 165 113 177 146 120 170 204 186 123 209 68 116 158 96 276 171 185 59 44 97 96 359 198 138 57 39 184 52 74 50 246 194 181 135 53 99 56 173 63 262 219 67 111 288 128 170 209 276 204 86 40 152 273 170 165 89 243 49 126 254 64 460 40 86 157 48 80 194 243 101 244 304 103 47 232 52 173 167 52 45 72 353 93 107 167 75 103 209 84 184 236 96 250 105 90 151 106 191 98 259 103 61 93 229 87 74 119 127 71 326 43 99 148 310 201 222 343 231 218 109 106 241 371 103 159 52 207 49 122 48 266 83 86 114 213 98 65 69 240 133 70 136 143 198 102 188 112 315 162 332 153 245 241 40 131 204 349 234 76 168 144 208 107 68 256 106 127 125 165 622 356 112 128 74 47 149 192 79 203 176 114 99 66 102 188 47 162 257 118 111 159 112 78 71 128 148 31 127 256 289 123 163 164 141 285 106 124 272 160 116 262 66 140 116 79 23 56 256 190 134 265 103 93 116 121 67 325 80 110 134 287 229 190 71 175 64 154 204 266 117 252 55 69 207 44 142 111 199 58 118 115 169 34 353 205 109 119 169 117 149 65 40 217 95 202 75 32 207 122 108 84 85 122 27 153 301 180 54 56 177 240 402 97 152 118 109 356 33 221 234 144 284 66 285 256 290 93 163 158 233 160 37 323 56 149 139 78 303 139 126 114 129 234 40 118 64 261 125 95 243 149 126 264 176 105 303 229 138 147 162 298 16 240 192 46 242 132 196 171 168 135 201 441 59 201 85 67 229 193 302 164 429 100 271 61 171 41 197 172 157 106 169 51 109 131 174 132 102 107 242 159 319 197 95 61 176 145 73 40 45 114 74 98 385 101 93 
157.06
50000
478 148 82 151 134 41 459 275 306 64 205 99 200 83 71 369 178 111 253 51 192 184 304 111 73 73 39 98 84 37 74 72 68 161 215 219 115 72 40 293 220 482 43 176 449 69 132 228 41 54 326 237 277 190 147 91 420 363 195 214 159 333 153 70 325 181 52 149 347 152 65 30 70 94 71 112 100 233 80 211 170 285 46 32 80 74 218 105 82 161 53 113 159 129 285 107 193 489 112 102 36 137 176 362 30 400 301 158 86 41 43 166 152 178 259 69 93 242 38 253 75 246 91 47 21 201 173 119 189 87 211 57 180 84 313 124 152 172 150 299 154 206 44 117 140 174 124 218 48 144 151 159 49 42 256 246 179 109 105 52 97 176 291 113 155 139 122 319 125 224 227 54 61 167 229 143 148 208 227 272 62 162 24 225 64 202 241 24 171 152 53 313 61 101 103 161 128 122 324 92 237 106 138 197 158 329 239 130 224 410 140 109 164 138 135 332 164 216 236 214 320 165 165 104 83 245 220 100 90 174 99 57 99 83 185 271 183 56 203 169 113 179 59 148 217 159 311 79 199 131 137 251 92 230 66 41 227 236 212 266 92 78 337 156 262 127 64 419 32 85 261 124 118 125 75 114 227 224 85 244 45 501 207 537 61 144 211 31 161 177 24 298 79 99 232 364 58 78 214 213 200 56 178 71 105 88 63 334 330 466 149 70 90 47 50 134 129 61 119 60 124 169 243 221 140 94 164 91 92 166 127 105 62 100 168 228 52 48 94 94 61 170 240 180 129 64 206 213 136 97 109 99 119 189 111 69 269 292 97 115 160 287 116 213 93 81 209 192 120 123 207 200 84 87 90 164 60 76 203 51 70 125 110 196 31 169 131 67 196 240 44 200 84 128 207 121 32 349 39 134 178 52 125 65 130 291 107 228 144 66 49 212 145 229 263 199 205 159 296 214 108 194 189 200 203 98 106 128 147 114 209 98 135 110 82 310 235 93 93 337 310 76 444 65 154 88 106 284 218 103 211 180 137 207 167 101 170 123 121 158 277 79 121 85 86 89 76 109 414 134 75 41 71 487 56 121 63 118 67 95 76 151 30 220 218 253 136 59 223 166 75 189 320 207 520 119 159 191 87 127 
158.492
55000
76 154 54 158 186 143 189 290 158 182 98 65 353 126 130 34 147 253 71 100 36 270 55 66 209 193 235 242 45 226 206 206 147 27 255 137 159 63 215 140 44 193 88 126 180 87 82 179 150 289 61 56 145 194 17 238 338 76 383 158 200 237 74 258 140 286 147 121 206 225 71 166 117 190 148 158 84 240 198 81 164 365 69 39 79 55 129 138 282 140 208 326 168 186 161 158 234 182 226 354 64 228 138 75 287 232 114 46 73 91 92 203 91 114 179 222 72 196 132 360 92 112 163 66 58 84 205 38 100 194 221 137 118 93 142 49 215 375 108 155 144 39 183 254 49 224 241 176 83 161 85 164 62 111 88 319 48 180 110 232 72 220 215 200 127 108 58 236 105 242 139 143 128 63 126 233 162 177 134 407 47 141 104 233 134 185 385 42 196 243 87 98 50 137 288 391 211 94 171 92 188 297 95 167 70 47 183 307 226 127 305 71 132 71 76 202 572 165 105 190 279 63 55 154 185 49 187 103 113 83 53 167 47 319 366 77 236 136 257 296 239 301 99 65 124 78 89 96 175 146 254 170 201 140 157 110 215 45 132 273 162 82 81 220 97 155 204 87 81 174 209 67 97 102 226 175 139 53 59 97 122 170 93 118 181 504 166 78 240 138 175 56 84 301 202 252 129 75 77 86 58 186 156 68 121 117 184 251 172 224 65 309 170 138 278 131 169 154 286 186 85 206 460 209 104 90 170 179 117 100 158 260 166 117 197 245 382 186 177 97 137 190 208 341 64 102 125 141 160 282 44 175 114 133 47 373 168 283 210 51 53 189 365 160 267 456 94 168 149 117 166 91 47 270 25 184 251 186 109 305 79 260 161 140 376 164 306 115 98 223 121 232 109 377 110 147 125 51 206 49 254 145 231 84 174 93 373 252 70 163 91 131 396 155 268 78 122 345 154 146 105 55 199 38 143 105 75 86 92 172 146 264 142 129 234 82 348 67 112 228 73 87 251 79 127 230 241 133 308 106 209 336 219 488 150 167 282 116 96 231 72 100 323 391 179 215 148 144 231 57 275 149 175 269 209 228 196 98 384 78 185 323 293 311 129 26 498 278 138 127 320 191 359 87 257 290 130 192 462 165 
167.966
60000
56 91 92 100 102 262 197 200 247 171 149 224 180 162 133 96 327 270 92 70 107 69 140 80 197 235 280 154 157 218 298 123 126 95 250 348 39 55 37 293 146 113 76 126 95 47 131 115 153 110 93 340 200 238 138 138 231 270 243 123 251 320 268 67 208 140 189 168 107 215 113 173 126 222 134 201 197 142 281 87 110 125 34 158 254 52 177 153 87 259 78 197 146 122 317 62 93 365 69 119 152 165 95 56 387 118 46 173 331 236 212 286 224 99 92 54 392 135 75 179 69 58 182 134 233 158 173 183 189 235 71 42 168 38 97 317 115 82 248 135 220 53 182 243 417 120 54 91 349 90 63 166 182 245 308 148 176 142 68 69 72 201 118 240 97 359 424 116 203 234 428 191 148 139 168 459 168 116 174 103 53 77 309 74 167 265 91 130 190 166 382 88 270 126 177 232 125 238 141 181 239 162 230 114 165 157 112 165 278 447 59 173 115 197 94 25 271 115 118 230 131 370 73 94 202 342 26 385 300 126 178 217 71 224 234 90 68 135 55 322 338 345 463 60 398 174 59 285 38 191 71 276 379 309 50 249 225 172 123 50 212 130 231 397 68 274 304 123 66 113 40 145 100 162 105 400 240 188 73 116 85 60 39 470 76 106 101 268 73 254 179 174 386 132 126 182 130 255 30 118 184 177 167 38 102 291 156 53 96 163 133 85 147 100 148 161 93 86 419 190 133 235 113 140 203 103 166 60 430 313 67 212 92 65 105 104 326 143 144 157 259 112 57 264 168 273 75 134 66 292 172 155 160 164 88 23 355 195 77 147 288 165 127 246 187 299 102 60 249 164 76 263 156 172 87 212 319 224 247 31 111 187 137 440 253 250 158 125 237 167 218 178 191 292 282 315 155 172 427 139 433 146 91 35 267 37 174 184 151 200 266 208 182 85 292 87 367 176 205 217 68 205 88 92 168 306 56 110 75 61 82 100 278 42 440 166 85 136 232 100 160 130 41 198 166 134 164 77 39 275 110 171 160 236 257 402 206 152 128 105 138 295 102 152 127 149 179 262 201 92 109 119 176 278 38 78 35 166 319 183 102 76 106 51 216 241 62 39 255 191 148 155 174 136 48 141 262 200 65 304 
171.214
65000
170 176 234 223 70 217 166 168 173 312 226 146 47 40 149 228 393 34 144 330 172 386 156 186 102 102 171 154 111 54 169 155 125 226 225 37 114 148 68 291 139 102 36 107 93 243 80 161 73 135 119 182 113 141 147 159 148 53 57 65 106 129 135 155 141 132 40 112 172 160 25 134 43 318 207 184 219 280 62 188 60 229 67 204 80 214 219 79 478 139 174 71 113 388 482 45 284 118 279 97 214 280 135 30 321 95 122 231 259 159 279 212 54 186 351 48 199 216 385 251 267 280 78 294 233 571 326 183 314 206 121 81 62 150 265 66 288 138 63 145 120 318 187 180 285 96 89 162 147 295 372 75 137 271 21 362 260 447 147 88 280 128 121 76 44 67 361 217 126 257 211 215 79 117 227 162 313 64 99 291 296 162 54 357 45 179 199 183 40 258 159 110 69 174 182 129 115 253 32 248 411 194 70 132 132 336 131 152 320 121 156 44 44 112 249 268 315 265 251 217 255 188 227 128 91 221 129 154 73 222 71 188 221 107 189 151 143 157 27 96 203 111 291 345 329 77 102 82 92 401 269 314 156 103 220 123 189 80 111 85 68 164 165 160 26 145 201 134 359 226 105 158 146 291 116 201 80 384 133 54 407 54 110 64 142 445 253 223 479 110 172 97 261 195 313 300 240 257 154 218 230 236 198 23 438 81 75 163 132 152 98 118 69 222 262 118 403 92 35 61 241 242 272 303 21 274 164 188 513 96 162 136 181 271 261 155 68 230 197 65 195 69 100 49 223 346 325 85 120 352 172 131 118 95 190 169 88 50 179 120 205 88 193 410 114 173 113 161 130 208 134 180 55 196 162 492 185 29 152 362 82 105 67 181 103 120 173 156 260 133 137 524 81 120 256 87 73 265 78 113 207 137 81 152 555 207 131 110 197 137 204 79 419 189 183 289 252 136 121 156 341 104 123 178 125 88 80 252 150 175 60 91 125 176 291 290 313 150 59 208 119 134 251 75 150 165 131 76 85 207 140 385 87 242 199 159 214 91 89 253 322 302 229 178 220 188 96 170 150 149 214 385 110 298 31 51 97 451 439 112 142 137 101 134 427 251 258 65 79 37 238 336 562 220 377 168 148 403 311 259 
179.952
70000
166 156 95 121 100 91 210 200 94 52 187 134 99 51 233 182 182 159 199 93 138 188 220 103 122 188 101 317 236 194 148 55 53 206 191 254 234 33 107 91 254 126 257 136 130 135 83 360 111 183 177 182 90 84 124 167 176 96 263 88 171 297 311 81 268 148 293 67 93 32 70 194 32 94 190 183 306 165 126 46 217 147 92 242 196 141 41 107 84 176 94 152 346 128 87 214 80 197 113 155 233 183 217 153 69 329 305 158 256 164 218 149 254 37 219 229 132 160 209 214 77 45 65 175 77 146 79 74 57 434 150 95 144 57 45 169 125 286 263 32 196 122 202 335 137 222 444 252 184 429 128 219 131 95 188 109 587 157 150 61 195 293 169 118 68 111 67 232 65 94 499 74 64 146 143 36 130 186 71 75 107 324 111 180 325 46 123 113 119 185 341 378 56 372 125 203 76 221 97 306 167 148 170 63 185 44 164 288 37 244 139 144 108 38 94 87 70 331 97 138 226 212 173 108 101 100 53 218 191 73 66 236 122 185 184 320 269 308 132 71 176 82 127 94 109 163 236 55 314 188 256 252 132 159 94 74 243 150 245 131 82 271 159 74 96 329 218 102 227 65 382 192 79 183 92 136 106 130 133 98 75 41 235 331 67 126 79 99 182 52 199 93 285 129 232 198 34 76 213 100 45 206 154 118 36 58 148 226 290 48 116 106 253 184 296 102 307 163 117 135 161 129 239 163 105 69 186 110 94 172 230 289 190 74 119 319 331 37 27 160 112 150 230 215 78 130 273 220 125 496 56 198 63 170 142 233 190 139 160 168 139 185 78 106 95 95 256 255 71 212 153 125 36 318 226 250 171 78 103 211 117 420 126 188 124 120 195 37 56 149 102 392 459 280 276 55 83 203 134 301 233 163 418 52 194 464 53 90 181 53 208 89 286 199 36 200 219 131 220 232 83 138 183 583 118 349 89 110 110 130 86 329 187 118 208 174 117 81 48 419 39 112 334 187 252 108 117 122 49 82 230 163 186 184 206 195 105 168 167 400 122 292 191 217 287 205 180 465 85 216 80 103 97 77 130 110 239 274 149 157 189 104 147 317 444 215 135 181 306 249 141 240 58 166 371 230 117 184 118 387 
167.684
75000
241 244 158 128 230 127 246 191 164 158 80 89 220 173 64 300 252 77 125 55 195 116 360 294 153 77 254 124 84 411 60 167 149 250 225 112 208 405 123 206 285 105 86 29 132 201 329 211 153 241 123 37 350 214 37 381 140 325 119 190 126 350 126 167 65 89 296 58 86 216 61 102 365 75 176 146 94 63 78 45 131 90 521 154 223 190 257 90 391 102 66 118 79 235 62 198 74 331 186 209 131 321 89 276 84 184 62 153 77 107 171 31 165 188 502 292 165 203 35 374 316 217 127 76 324 310 97 167 241 114 458 90 168 296 336 553 147 168 88 509 110 29 245 307 190 96 133 261 140 271 109 151 188 110 147 141 85 202 134 179 117 239 279 183 200 111 208 106 203 194 85 102 100 259 125 140 109 380 220 57 73 219 54 299 231 194 150 341 265 102 84 353 140 131 122 151 246 334 378 397 227 89 425 94 247 242 97 104 454 139 78 193 187 148 320 115 157 223 245 142 48 124 139 238 75 232 278 484 546 338 207 40 261 339 109 179 311 59 82 150 395 99 319 175 197 98 79 157 500 146 235 66 79 158 108 44 153 128 147 208 113 307 278 376 134 82 520 181 201 125 200 392 89 306 40 214 120 170 162 255 149 460 144 238 92 362 131 80 127 90 64 71 40 136 228 108 81 72 175 47 133 109 142 89 131 70 48 72 81 75 165 56 125 190 102 136 109 128 181 273 326 292 134 148 73 137 62 96 79 281 74 125 123 190 206 299 203 159 138 43 66 96 217 81 31 128 230 479 322 138 137 148 148 60 106 117 80 125 74 114 193 383 160 469 261 62 318 196 240 178 152 80 113 283 161 290 120 340 113 78 141 360 205 326 180 502 198 182 119 126 266 269 108 108 103 156 42 211 206 55 184 145 113 179 128 300 153 250 107 234 40 96 98 29 96 363 125 143 110 133 259 345 106 189 187 291 85 298 66 340 51 69 172 170 216 135 239 76 152 182 142 134 131 353 257 140 140 114 60 257 229 130 157 97 163 144 298 297 163 211 119 272 64 149 175 136 473 344 72 203 110 293 87 160 196 95 172 40 267 51 64 168 57 135 165 256 48 151 325 206 207 72 93 100 139 70 196 211 147 208 
177.862
80000
71 310 157 174 143 211 252 56 170 375 89 227 393 79 101 210 254 127 77 236 134 319 255 55 162 160 219 139 191 64 78 227 142 138 353 42 174 139 168 65 168 191 39 426 65 223 488 141 380 377 148 307 51 277 39 157 89 181 133 156 246 109 45 196 384 265 276 118 118 137 250 231 338 66 167 294 187 123 107 204 102 154 213 98 261 275 200 114 23 110 246 264 124 238 452 231 156 196 365 128 139 662 124 102 315 159 196 58 289 203 96 111 363 418 260 39 126 129 363 171 197 90 144 153 201 462 161 45 86 159 303 121 366 233 210 108 351 78 223 63 54 117 70 140 130 29 161 67 156 212 262 137 437 122 28 157 108 328 279 292 294 183 359 206 66 272 301 227 95 466 271 238 67 120 102 294 141 410 265 92 43 155 236 209 158 145 74 231 64 224 227 213 267 170 73 121 117 151 233 336 257 263 179 215 158 27 245 345 355 419 200 257 122 215 312 241 261 18 190 291 188 256 271 171 47 156 241 250 37 311 36 289 81 156 200 36 397 137 79 136 177 301 138 188 140 163 631 151 434 195 184 297 151 429 273 286 215 188 205 98 228 149 116 270 156 216 121 279 389 183 214 566 52 157 75 151 49 438 282 142 216 565 348 61 282 213 118 233 271 129 219 154 200 229 160 119 128 304 223 44 77 176 255 170 221 283 338 59 398 196 189 141 149 197 75 81 63 81 155 121 265 222 67 80 222 77 211 150 73 45 241 97 120 250 115 156 155 58 270 170 197 119 114 220 211 50 117 119 55 35 111 247 328 72 145 185 255 317 52 66 172 192 61 189 64 183 147 101 212 332 142 114 141 214 74 204 27 81 236 122 151 105 179 86 110 172 39 106 50 120 188 153 326 260 211 144 115 307 168 138 212 124 427 248 208 120 141 310 187 336 288 285 110 78 212 89 43 100 27 114 169 221 129 544 294 290 62 115 45 70 184 108 312 202 73 125 276 203 105 295 70 346 319 185 272 90 80 151 41 220 458 116 130 515 316 81 107 200 101 78 97 229 242 243 100 76 35 253 542 139 171 299 163 266 53 187 49 123 179 103 129 76 203 144 363 140 123 144 634 129 272 185 222 155 239 114 85 234 222 243 
187.964
85000
79 151 123 82 86 93 209 292 178 110 118 76 274 93 109 32 248 124 239 144 91 219 152 49 100 94 230 52 305 82 188 109 183 142 295 227 214 293 191 85 196 106 114 226 180 43 163 184 199 250 167 55 263 200 208 195 192 41 80 79 80 120 173 144 97 322 96 84 79 429 291 67 29 202 59 126 52 104 39 106 57 403 21 168 63 225 82 126 217 243 95 167 273 215 171 167 121 270 194 211 27 211 467 231 27 237 376 236 264 64 167 162 157 45 139 185 128 141 195 260 91 287 258 132 89 168 127 174 211 59 139 127 148 148 332 235 121 94 99 285 56 364 266 211 101 220 107 361 235 215 148 131 46 267 374 78 218 255 43 220 174 77 111 467 333 109 121 104 188 168 92 22 213 67 260 53 49 83 335 181 32 105 202 204 159 369 314 61 137 165 92 451 92 100 183 133 75 274 120 58 315 462 168 91 123 64 306 251 176 227 175 27 304 296 231 410 245 140 183 193 399 117 358 236 106 218 583 147 196 222 474 141 94 217 55 226 230 141 128 280 157 255 291 138 264 241 124 264 217 88 295 385 119 80 120 137 346 66 138 204 88 56 172 147 53 261 297 51 235 174 176 143 56 245 201 240 165 216 60 143 90 170 119 233 294 297 317 51 402 525 145 275 162 275 187 225 106 79 280 87 275 247 537 163 154 218 37 200 129 145 73 186 106 217 220 101 263 173 49 170 98 364 76 101 121 62 87 196 55 128 327 207 118 286 562 185 217 120 107 387 410 196 75 178 260 181 30 241 238 80 241 82 94 87 276 90 122 248 148 83 199 217 114 100 91 256 110 194 256 87 36 154 191 73 140 244 24 200 297 205 41 198 93 227 112 221 236 119 301 293 195 87 161 96 295 67 143 127 154 63 287 92 365 152 312 107 324 127 170 125 263 148 127 264 319 75 66 34 102 163 345 249 180 267 255 110 110 189 75 381 177 96 78 254 58 173 63 207 157 606 224 192 286 32 193 107 289 266 118 133 116 73 274 222 94 198 335 121 130 51 121 347 50 109 209 223 161 277 78 115 144 190 282 295 107 122 145 94 209 257 341 140 276 108 101 226 131 243 78 90 162 258 168 515 146 174 73 357 217 290 
178.686
90000
295 491 392 161 371 61 325 235 167 216 228 229 178 450 220 135 625 161 306 284 83 730 185 206 144 143 291 229 102 276 86 21 95 382 221 235 87 173 242 153 228 103 197 124 115 270 28 138 289 495 273 70 432 723 65 436 210 359 99 39 228 183 110 281 258 685 156 229 75 225 193 50 191 81 150 164 110 80 22 210 317 250 71 235 227 471 140 289 53 280 215 236 309 125 321 197 101 227 412 220 34 114 83 113 55 102 349 89 246 95 180 78 177 201 51 178 150 132 250 194 292 327 382 94 217 210 93 128 447 56 61 35 198 296 201 137 117 292 89 401 48 458 49 178 158 37 103 347 55 187 163 309 402 256 122 235 96 295 421 110 291 158 241 140 118 121 273 493 141 360 77 253 282 168 128 251 66 65 459 114 176 177 36 245 141 190 184 138 310 207 214 271 330 323 108 101 333 102 230 148 171 40 133 64 196 115 193 133 147 143 220 280 149 265 160 197 122 127 341 200 182 203 83 129 156 106 173 233 89 95 202 66 76 208 79 209 165 104 176 238 215 234 98 79 35 73 168 123 79 215 119 176 84 71 80 78 100 140 174 95 89 170 94 147 134 84 197 167 338 101 210 94 169 40 131 58 182 104 353 78 205 184 58 386 167 167 207 56 111 193 131 80 255 155 92 63 153 264 105 46 90 96 176 128 157 71 115 176 513 138 224 299 182 108 107 127 97 317 123 333 105 160 154 226 88 165 177 81 25 231 125 79 159 158 87 141 113 92 132 67 220 127 165 278 57 136 59 241 205 441 40 235 163 50 27 237 85 43 313 39 201 103 133 387 76 361 83 107 88 195 58 158 66 270 161 140 123 139 124 289 189 150 135 162 126 156 176 130 253 94 362 176 199 90 245 126 245 89 266 92 122 176 497 263 361 197 234 279 83 205 119 252 67 350 77 329 192 174 72 279 163 116 477 71 131 64 177 235 243 139 171 269 112 96 134 112 102 86 79 204 259 201 121 139 159 245 292 66 116 271 193 122 216 39 202 84 294 157 297 87 404 138 186 276 212 178 90 184 151 103 169 205 257 51 95 329 95 59 209 107 282 312 255 99 73 120 170 242 361 171 124 151 150 161 139 35 233 137 470 239 
182.318
95000
375 90 132 161 164 197 135 113 99 42 230 479 87 219 148 203 350 303 149 167 140 207 215 285 71 302 131 158 181 155 125 252 102 265 447 102 115 132 69 184 83 256 264 536 191 108 179 71 278 115 196 167 360 87 42 149 112 80 109 81 142 206 329 250 189 515 269 229 183 131 138 71 82 224 129 91 89 84 162 99 89 270 34 159 140 69 94 264 296 230 266 416 129 57 291 463 80 347 185 308 194 178 203 143 411 50 194 133 256 110 102 133 129 317 163 49 162 178 200 97 125 214 78 422 148 443 170 61 48 126 25 282 92 260 330 123 213 75 96 85 216 170 168 79 289 159 299 133 448 75 111 191 330 91 148 257 143 189 58 119 178 39 237 325 205 256 209 205 85 41 350 38 58 73 136 226 42 240 72 192 151 199 174 182 79 117 144 80 39 46 303 247 162 503 180 51 79 220 188 297 77 95 155 234 174 216 113 150 114 318 92 72 135 265 163 169 101 134 159 218 219 113 194 425 96 244 56 188 174 54 149 212 143 225 49 278 173 177 97 272 134 91 302 183 420 121 79 344 306 220 93 257 229 284 120 197 106 277 101 159 68 182 300 301 135 214 150 312 101 109 222 292 171 138 23 161 98 129 283 314 30 245 208 244 240 321 182 137 152 134 285 107 116 602 156 193 99 111 148 166 73 90 83 102 256 98 207 223 105 300 380 82 197 139 186 366 179 150 187 80 382 165 193 185 80 380 212 276 191 114 86 116 157 46 170 323 201 117 294 220 73 57 122 90 170 215 37 65 318 419 49 240 179 237 319 63 152 166 175 133 102 207 69 151 329 197 72 469 103 276 49 115 169 213 151 65 107 358 74 165 142 280 48 87 247 125 199 159 279 390 60 96 223 53 119 214 271 207 241 98 271 232 266 262 69 102 111 36 346 322 411 227 219 92 83 150 421 153 200 78 232 214 250 77 245 192 371 150 220 130 169 144 28 370 177 209 452 236 148 139 266 169 246 385 257 228 38 199 263 100 367 227 205 266 174 267 57 225 206 122 230 130 90 360 62 324 412 163 211 247 244 178 128 316 87 75 34 213 93 145 41 123 251 302 119 107 160 93 171 171 373 139 211 179 159 101 211 265 237 66 
183.036
100000
104 194 184 97 338 359 125 322 217 54 140 283 62 55 158 260 274 52 50 238 61 100 88 93 99 173 25 131 154 85 56 100 138 119 233 122 304 204 88 177 192 396 159 141 242 211 124 30 260 103 92 279 173 215 125 35 119 148 83 283 253 503 107 137 272 124 196 163 108 175 53 120 114 123 119 243 49 119 90 374 167 187 359 56 291 133 97 227 233 117 211 154 269 227 80 126 89 204 101 129 149 420 135 66 188 215 64 377 159 118 147 51 79 333 291 335 198 99 144 203 348 209 365 31 182 225 95 56 260 147 176 215 363 252 225 525 273 216 287 144 90 262 75 241 107 111 295 325 71 97 35 395 142 169 168 143 207 218 203 68 265 301 385 300 156 257 245 134 256 379 65 124 137 189 136 87 288 125 90 52 305 222 83 116 189 117 126 290 111 106 328 119 137 163 485 167 58 76 146 211 143 123 121 156 346 90 206 165 294 265 145 36 268 68 197 335 213 212 364 250 147 168 309 200 320 157 178 328 93 282 75 105 136 94 126 136 165 140 156 200 56 126 149 103 235 247 157 236 69 52 70 53 200 146 77 107 86 111 234 55 120 107 244 405 166 90 157 315 151 125 305 44 188 88 89 170 379 242 480 167 215 112 74 65 63 127 128 161 74 202 366 147 54 208 38 243 287 163 162 207 251 372 150 42 98 198 317 117 589 210 40 264 114 278 202 160 263 81 282 230 150 177 45 133 397 317 400 130 106 143 65 155 177 70 493 351 155 289 237 176 239 195 53 235 119 63 213 326 135 119 79 62 230 77 65 106 248 201 277 102 221 195 234 177 109 459 88 522 92 146 195 103 29 184 150 300 271 183 128 87 70 39 175 93 177 208 242 219 149 497 170 172 491 237 115 368 140 77 368 452 55 46 70 278 64 399 157 259 112 76 107 335 136 103 198 253 163 121 39 50 153 195 144 82 180 111 111 196 232 68 309 205 175 268 164 225 82 102 86 274 237 439 239 133 86 151 67 277 79 120 133 204 294 198 274 100 292 67 98 174 154 182 36 280 219 55 170 132 259 150 345 355 177 220 61 117 192 159 271 211 112 439 96 394 281 239 221 268 132 142 156 152 160 54 225 73 55 216 168 142 
180.724
