500
21 24 19 30 15 7 18 15 14 20 18 10 12 23 17 24 23 32 25 18 11 17 16 10 18 19 15 25 15 24 11 25 10 32 19 11 17 18 22 12 20 18 13 11 12 18 14 21 16 19 14 19 23 28 15 19 26 19 9 16 17 25 17 15 14 14 25 15 11 18 19 27 10 15 20 19 41 14 11 10 13 15 34 14 19 14 22 28 14 30 14 17 24 13 23 13 18 12 14 22 14 15 19 18 15 14 18 15 18 14 8 22 18 24 15 18 14 16 24 13 28 13 13 15 16 23 19 13 9 17 19 22 13 28 14 11 12 19 22 19 24 13 10 19 13 15 26 27 16 12 18 46 8 14 15 17 15 30 12 23 19 17 19 6 7 22 12 16 20 25 25 18 12 15 15 16 19 17 11 12 20 20 27 23 15 17 17 16 24 22 19 18 16 11 16 22 16 16 14 12 23 20 17 17 9 16 23 17 11 15 20 13 20 13 10 18 29 28 19 14 11 18 20 10 17 9 13 25 11 9 10 13 23 29 37 16 22 33 19 14 20 15 18 20 15 23 13 26 9 17 11 14 19 21 11 19 9 18 17 19 17 18 16 23 13 11 14 14 14 22 9 18 11 18 16 12 24 20 14 10 15 14 20 29 29 14 23 17 23 28 15 22 23 9 10 16 11 7 19 13 11 13 12 24 12 21 24 17 23 11 20 12 22 13 19 11 13 15 20 10 12 10 15 10 34 20 18 22 16 22 10 24 22 19 19 11 18 17 11 15 23 20 17 13 15 12 22 12 21 20 23 14 11 17 12 24 21 22 11 11 24 22 10 11 20 20 14 10 12 22 9 15 13 24 14 10 17 17 13 12 14 18 17 26 10 28 30 10 23 19 16 23 13 8 23 10 19 29 15 23 15 35 21 13 9 21 15 25 11 17 15 14 15 17 29 16 13 32 11 16 14 38 17 15 13 19 17 17 11 17 13 27 13 19 15 21 41 28 16 24 29 17 17 16 14 44 19 14 10 11 8 28 10 25 18 19 13 20 10 26 17 9 26 17 13 13 22 31 27 11 9 11 15 23 19 17 15 11 14 11 14 29 22 28 15 13 13 12 20 15 13 23 15 15 11 14 13 10 37 23 
17.526
5000
40 27 41 32 29 19 18 24 12 19 29 22 18 30 11 34 43 21 41 27 29 23 27 22 27 21 32 23 14 17 16 27 19 21 19 27 28 34 27 19 27 19 22 16 27 17 16 26 21 29 12 15 17 17 25 24 16 32 20 32 21 37 23 29 28 13 33 29 16 20 13 14 16 22 31 9 20 25 15 25 21 14 28 21 21 24 20 20 49 23 13 29 17 23 25 27 12 17 19 17 16 17 25 19 13 28 19 16 20 23 18 16 29 19 16 16 18 15 37 18 16 18 18 21 20 20 22 26 10 15 21 27 16 18 15 24 17 19 30 18 39 28 18 21 16 23 23 39 16 10 20 23 15 25 19 27 9 24 18 23 21 26 31 20 16 20 26 27 27 18 16 16 14 23 25 24 27 16 32 15 22 17 16 30 17 26 21 17 27 12 18 36 17 13 19 16 22 29 15 22 17 32 13 43 17 13 31 23 18 21 17 24 16 24 21 22 19 36 14 37 20 15 23 23 26 24 23 21 23 20 36 16 19 21 33 24 34 17 19 20 26 21 37 22 19 16 23 19 19 18 19 20 21 27 15 28 24 33 29 25 32 21 22 22 16 30 19 33 17 25 18 21 14 30 17 19 24 15 19 17 23 31 32 21 16 21 20 13 23 19 12 19 19 29 19 14 19 20 18 26 38 22 30 17 13 17 17 41 39 21 11 25 26 26 48 23 22 25 24 20 31 29 16 15 19 16 17 32 21 37 18 26 17 35 38 27 19 22 19 40 21 24 32 19 21 17 20 19 23 16 35 23 19 28 16 18 12 24 30 19 29 14 29 11 29 35 36 33 29 20 26 26 17 29 23 24 17 17 16 31 18 24 24 24 18 37 13 18 31 24 19 15 23 34 21 19 25 18 23 22 24 39 23 20 18 18 21 19 34 30 18 19 18 28 21 21 23 22 19 27 19 21 24 13 34 19 25 32 32 22 22 17 20 33 19 35 26 32 17 17 22 30 21 14 15 22 35 42 21 23 35 28 26 23 22 23 20 21 26 19 24 20 12 19 21 9 19 18 29 33 23 22 15 25 26 17 19 28 14 23 19 22 29 31 20 14 13 19 34 21 25 21 23 16 18 22 16 26 35 19 
22.56
10000
22 29 20 45 18 34 36 26 21 37 36 25 12 25 18 30 23 28 20 15 13 13 22 19 23 20 24 29 24 33 29 28 15 25 31 16 30 28 28 23 25 29 33 15 34 35 20 35 30 20 21 43 29 19 14 20 20 40 17 27 22 16 20 21 22 21 27 22 27 20 20 27 18 23 29 22 27 23 18 15 21 23 27 20 23 25 18 41 24 25 22 25 26 19 25 22 38 30 25 20 37 17 31 22 19 18 14 16 27 26 29 26 24 27 24 32 20 17 47 23 16 24 24 20 31 14 25 25 28 27 16 17 21 34 23 21 22 22 20 23 33 27 31 19 30 30 24 27 17 20 24 34 25 30 17 24 14 26 24 24 26 42 25 26 12 21 18 32 20 26 22 15 19 27 21 23 24 18 25 15 38 24 19 17 30 15 17 22 33 21 23 27 23 26 22 22 28 26 23 24 33 22 36 31 25 15 30 20 29 36 18 20 38 32 35 17 22 32 20 30 20 36 20 28 23 24 48 22 20 25 22 25 27 31 22 20 47 32 17 41 22 36 29 32 29 27 26 20 29 19 30 32 21 22 23 20 23 17 28 36 23 20 23 19 14 16 36 20 32 23 20 20 20 26 47 32 37 24 27 19 15 26 31 29 19 30 19 24 29 19 31 31 15 28 21 11 23 24 36 31 16 21 27 36 20 18 22 24 20 33 20 35 31 26 22 19 31 33 24 22 21 32 31 17 20 27 22 18 16 21 13 14 20 24 22 16 30 21 35 19 25 19 24 21 39 36 31 16 14 30 20 44 30 25 15 34 23 38 20 39 17 22 23 25 15 30 26 28 29 34 16 22 29 12 31 22 39 28 20 16 25 24 35 23 20 31 32 16 47 21 24 17 22 16 22 15 15 32 15 28 24 30 24 23 18 25 34 21 17 23 20 31 28 17 28 21 26 20 32 23 16 20 24 22 23 22 25 27 15 23 18 36 27 20 17 20 35 32 21 26 24 22 15 17 29 18 25 18 29 13 21 15 21 29 23 24 19 35 36 29 23 18 29 26 20 21 13 32 20 22 16 28 19 29 13 13 32 30 18 22 19 24 30 14 28 25 36 27 21 45 20 19 25 17 21 17 22 23 20 24 
24.458
15000
30 18 27 29 16 16 24 30 25 31 28 28 30 18 25 36 23 20 29 39 34 27 28 21 20 28 35 29 18 33 41 32 43 23 25 18 27 25 26 27 18 24 28 19 27 24 18 26 27 16 35 26 36 26 13 23 17 22 29 19 25 24 28 32 23 26 30 27 21 23 17 38 18 21 28 33 21 24 36 19 38 31 39 27 18 37 33 22 36 16 30 29 21 21 28 20 27 32 30 24 27 30 28 26 19 13 13 29 28 24 26 32 24 19 24 34 24 26 16 26 25 24 36 30 26 24 35 28 26 21 20 24 21 16 20 23 41 28 17 28 18 39 25 20 31 20 34 22 22 20 26 21 34 28 27 22 10 32 17 29 21 30 20 18 22 28 20 28 20 21 25 20 23 31 20 52 24 24 14 23 23 18 27 24 36 24 38 15 12 21 30 20 18 10 34 26 34 43 26 28 13 27 44 17 12 18 28 22 41 19 30 17 37 21 18 45 24 34 19 19 21 21 18 17 29 28 20 30 21 25 17 34 19 19 28 17 25 22 24 53 21 16 21 19 39 30 24 32 28 19 42 29 24 13 17 27 21 31 16 17 17 38 28 20 22 22 32 25 24 23 16 21 16 23 16 28 24 24 23 18 25 22 19 22 22 13 31 30 19 23 35 30 19 16 30 23 41 19 15 23 28 15 34 34 18 25 34 20 14 32 30 24 16 36 33 24 37 21 26 29 27 18 24 19 26 21 21 19 14 18 19 19 18 36 24 31 36 18 24 21 24 52 14 34 25 27 31 37 19 16 17 29 21 30 30 32 17 44 34 22 23 18 32 17 20 19 21 20 20 30 16 20 17 31 36 21 25 17 17 20 24 47 32 38 22 19 22 29 25 20 16 20 23 23 23 16 31 23 21 31 33 22 23 25 39 17 19 35 33 34 24 22 24 33 30 26 21 22 24 20 23 19 27 19 22 22 28 19 33 25 19 30 21 20 33 30 56 30 31 30 27 20 27 40 18 24 25 31 15 29 29 24 30 31 26 31 24 29 21 31 19 35 35 34 22 31 16 18 25 27 20 21 26 27 20 34 32 22 12 16 30 31 37 31 34 21 23 34 39 26 19 37 23 19 41 24 26 21 16 10 
25.29
20000
28 29 38 23 28 26 43 23 58 61 21 20 26 40 32 18 31 30 25 15 21 25 21 26 24 36 32 23 29 23 36 25 32 31 33 23 29 33 20 29 25 30 32 16 19 28 33 19 33 27 59 38 18 20 14 32 25 20 19 32 28 25 30 23 27 28 29 35 38 30 39 21 24 30 22 43 31 41 33 41 18 32 35 26 18 45 17 21 53 22 25 23 19 19 14 17 30 19 23 26 34 35 18 23 25 38 21 21 31 31 34 39 15 26 16 23 33 17 33 28 22 19 17 21 14 32 25 33 21 29 34 17 29 36 21 41 36 19 39 17 31 20 38 32 20 29 28 26 26 28 32 26 21 31 23 29 19 22 24 31 18 23 24 33 17 21 19 37 21 24 16 23 29 20 29 19 19 14 23 21 27 26 21 28 35 26 29 27 21 22 29 26 20 29 26 27 16 22 29 33 28 32 35 21 26 28 28 27 23 26 30 23 37 17 21 24 16 30 22 14 29 15 17 16 25 24 30 18 22 42 14 26 20 27 33 18 33 32 25 24 21 23 37 17 27 25 19 25 36 25 25 22 23 31 51 41 21 42 21 23 39 23 21 27 27 29 34 32 23 24 22 35 34 29 27 30 30 18 17 21 32 24 22 25 30 41 25 31 34 25 32 26 23 20 25 16 20 24 21 23 26 23 37 21 30 23 28 17 33 27 20 31 22 22 37 22 33 23 22 24 28 21 26 26 20 22 33 32 17 29 35 24 27 28 34 19 36 22 27 19 18 19 24 24 29 34 23 25 30 26 33 30 25 36 31 27 33 29 42 15 39 26 25 48 23 23 18 35 27 13 25 20 21 39 44 23 24 21 13 14 27 22 23 37 27 24 23 42 35 29 18 29 20 28 30 18 23 30 32 26 44 20 24 18 20 30 21 22 23 21 26 25 24 22 26 27 33 39 23 23 43 29 28 14 22 30 18 16 38 23 13 27 33 27 25 17 34 20 28 28 49 29 34 17 23 28 42 35 21 28 23 18 30 23 20 25 19 18 23 25 31 32 23 25 15 34 19 31 27 15 15 35 16 29 21 21 29 20 16 15 19 27 19 24 26 40 29 39 26 20 22 22 21 25 35 23 24 28 18 14 
26.388
25000
19 26 25 14 25 22 21 32 28 32 26 34 22 32 19 20 17 25 18 23 23 30 24 25 15 20 32 26 30 19 20 30 29 27 26 18 39 39 32 42 20 22 23 35 22 27 42 22 28 26 28 21 17 22 26 31 27 19 24 30 37 29 27 24 29 41 17 29 24 20 19 54 24 29 22 29 26 22 19 19 23 22 17 21 26 14 35 25 42 27 22 23 21 27 26 29 26 31 25 23 32 23 27 25 19 19 22 27 27 18 33 18 21 20 27 37 40 23 33 31 16 20 19 22 47 20 31 30 19 29 32 26 29 39 28 24 21 21 18 28 20 32 32 23 30 22 27 31 37 18 21 16 18 24 35 16 34 23 24 21 17 23 15 19 19 16 28 32 21 25 32 29 15 24 24 22 30 24 19 19 18 17 29 28 30 17 33 17 26 20 12 35 27 27 20 23 31 23 24 24 33 19 26 35 29 21 27 17 29 28 30 21 31 36 24 44 45 21 26 30 36 25 17 30 22 26 45 40 23 23 28 23 29 32 29 17 23 33 27 24 29 29 18 26 18 39 32 24 28 29 20 33 25 21 31 28 31 25 45 17 31 25 31 27 17 32 27 20 21 31 31 29 21 37 19 21 23 43 21 25 26 19 19 25 31 39 36 45 27 32 14 19 23 21 22 16 27 22 26 21 17 16 25 23 37 23 19 30 28 21 25 25 20 30 27 39 17 15 25 18 34 19 26 26 24 32 23 32 22 19 41 27 23 25 21 24 16 32 26 33 23 39 24 19 43 25 26 22 26 29 24 32 21 17 31 39 31 23 27 20 24 19 46 43 21 23 22 24 27 25 26 27 28 26 29 36 22 20 26 25 32 26 27 28 24 24 22 37 25 16 18 23 29 20 18 17 44 26 15 29 29 32 25 26 18 21 25 35 32 18 21 17 22 26 14 23 17 27 44 22 17 29 19 25 20 32 24 28 24 27 33 20 19 31 19 17 34 27 19 19 35 30 17 19 16 26 30 26 32 23 20 20 21 34 30 30 23 40 16 26 23 32 30 22 24 19 28 21 26 17 28 28 36 30 20 22 16 24 18 26 33 18 31 31 43 25 20 22 23 18 18 24 13 25 25 22 33 27 18 23 
25.668
30000
34 16 27 23 32 37 34 14 41 23 28 27 23 18 27 27 24 28 31 54 32 35 35 34 25 35 26 36 15 28 14 26 30 37 22 26 48 28 32 33 33 20 33 16 41 32 25 25 22 44 25 21 29 37 32 24 23 31 35 30 26 28 31 24 21 18 37 21 26 45 14 25 19 43 33 25 37 21 20 35 23 23 26 14 20 22 25 34 32 24 19 32 12 20 27 17 41 18 21 48 26 21 32 15 26 23 21 23 23 24 28 29 33 16 27 34 21 24 24 25 22 15 34 16 38 24 31 30 27 29 30 35 26 26 39 37 20 32 36 21 35 15 42 42 20 37 33 25 22 29 29 23 24 37 29 34 26 36 23 21 27 32 31 22 23 28 20 28 37 16 26 24 15 27 23 27 34 21 24 24 19 18 26 20 26 18 20 27 24 28 13 21 22 28 31 30 25 18 15 36 21 23 24 31 21 30 19 15 22 23 24 31 35 27 21 36 26 28 15 35 19 24 21 32 31 27 27 17 16 43 22 34 39 21 24 37 31 26 31 22 25 28 20 15 39 33 37 39 25 31 28 22 18 20 24 32 24 21 30 22 57 24 41 26 22 22 22 27 38 38 20 36 36 22 20 22 33 22 35 28 33 27 34 40 17 22 24 27 19 45 26 23 18 38 25 17 34 27 25 48 23 20 36 23 31 18 29 23 23 19 35 10 32 20 25 23 24 21 36 18 37 21 15 13 20 29 28 27 51 14 22 19 24 25 27 36 21 36 34 18 20 21 42 24 18 22 23 21 33 20 21 25 23 37 28 26 23 23 42 23 19 17 25 35 14 29 21 28 20 23 16 16 14 20 16 33 34 29 20 28 31 22 42 27 33 27 34 25 21 25 29 23 34 22 26 28 37 19 21 22 39 37 30 34 23 19 39 31 26 18 26 27 26 30 30 18 46 19 25 25 21 31 25 30 25 20 34 23 26 20 19 31 25 27 31 31 29 28 35 18 26 30 19 14 24 26 18 38 41 23 39 16 29 29 42 18 16 19 22 25 42 34 22 24 32 23 26 26 23 30 20 22 16 23 31 33 24 57 23 28 24 29 27 32 25 34 31 18 29 31 31 28 23 34 31 14 22 14 38 27 
26.782
35000
23 35 21 25 19 18 29 24 31 33 26 30 24 27 39 34 23 26 25 28 16 25 22 38 39 37 18 25 21 18 28 30 25 36 24 27 24 37 21 23 25 33 24 20 45 36 23 16 18 22 28 21 19 30 24 23 20 28 24 21 35 22 23 29 19 18 33 22 26 17 17 19 17 17 31 35 13 23 27 23 18 30 17 36 19 28 37 28 13 36 17 27 18 21 24 32 36 22 44 29 24 29 20 35 16 41 30 35 24 35 31 40 17 36 18 24 41 24 29 28 26 17 28 21 41 36 17 37 25 20 38 24 34 24 30 23 34 37 21 24 31 25 40 19 29 25 29 40 20 36 31 43 30 23 15 33 18 36 20 23 18 33 23 25 25 19 29 34 30 31 30 25 22 20 28 27 22 34 20 19 22 21 28 30 19 23 23 23 18 18 25 28 20 24 22 16 20 21 25 22 17 36 14 26 29 14 18 35 36 37 20 25 28 32 24 27 39 25 23 31 18 37 32 28 27 28 31 31 25 43 26 21 32 28 26 35 32 15 21 24 34 29 24 25 18 28 30 33 28 16 34 28 24 24 21 30 22 22 37 26 21 28 24 30 23 22 37 41 37 53 29 42 20 24 21 41 28 22 15 18 26 22 35 26 22 38 31 24 17 40 41 16 20 22 26 18 31 22 29 29 24 25 29 23 15 25 16 26 41 39 20 38 21 20 22 37 33 26 28 53 24 38 27 28 26 34 26 33 33 21 36 26 22 20 28 32 27 37 38 14 20 26 22 17 28 34 32 25 21 22 26 20 17 23 16 20 22 25 36 32 29 21 26 26 22 22 30 28 27 27 17 42 21 52 24 20 40 24 16 15 28 22 37 21 37 41 22 25 28 26 26 31 26 33 20 21 16 42 35 26 27 23 20 37 24 15 18 40 28 45 41 25 27 33 20 24 34 25 26 26 28 15 29 28 38 36 22 34 24 20 38 34 27 37 25 28 28 14 35 21 20 23 23 26 24 38 22 22 26 54 27 27 44 23 29 42 13 26 30 28 20 34 32 42 25 27 22 22 35 24 28 26 33 43 40 28 31 24 20 16 23 32 37 33 21 24 22 20 34 23 51 36 22 13 32 21 30 28 27 19 
26.974
40000
31 32 32 33 22 20 29 38 42 26 30 26 30 28 18 27 26 34 27 23 31 28 17 20 33 46 31 40 26 22 31 55 28 40 25 42 27 29 29 38 41 43 39 13 28 22 25 28 28 32 44 36 21 20 15 30 24 25 43 20 21 47 28 22 23 38 30 44 38 28 27 24 16 36 41 27 19 24 21 28 21 27 47 31 25 19 25 22 22 27 31 28 17 32 21 23 28 25 23 41 27 36 35 28 20 14 31 26 28 20 29 20 23 25 53 28 22 23 32 38 35 36 28 24 26 22 21 27 22 26 32 33 22 51 44 23 28 19 31 42 35 21 26 26 21 43 29 13 29 41 23 35 42 21 22 39 22 27 58 46 27 22 37 20 23 28 24 30 25 30 29 23 29 49 16 19 29 32 23 23 25 25 21 25 25 32 27 25 23 25 26 22 20 44 33 25 21 19 25 19 43 24 31 16 26 22 49 27 23 20 26 26 37 23 39 20 24 26 24 19 23 43 27 20 35 33 30 26 19 31 26 36 26 29 30 27 47 27 28 16 22 51 22 15 21 25 21 22 17 28 23 34 20 37 29 29 16 26 28 25 23 37 32 26 16 31 19 34 32 27 19 39 26 29 22 24 22 30 17 26 34 25 25 30 12 19 17 28 21 24 27 19 18 22 37 26 25 24 25 28 40 30 28 43 36 26 34 27 35 35 54 20 32 24 23 26 38 42 30 19 18 32 25 24 31 24 29 48 30 19 25 23 27 25 29 28 36 29 25 37 38 28 40 29 35 31 21 29 22 32 21 23 33 28 34 21 23 34 27 19 27 27 17 37 20 20 21 24 29 32 25 19 29 28 22 25 27 30 18 21 14 20 44 17 27 18 30 24 31 25 25 32 23 20 23 22 22 46 49 49 40 40 23 26 19 30 27 26 22 33 23 36 27 30 28 20 24 43 17 35 24 23 19 26 35 35 21 21 14 21 21 37 31 28 17 21 48 26 23 43 27 22 43 25 28 19 31 26 33 28 28 31 29 34 24 35 45 28 33 26 37 30 33 39 29 15 38 29 19 26 33 34 26 27 34 36 19 31 15 19 19 34 30 23 31 26 40 44 38 28 23 19 17 28 32 16 27 27 28 27 
28.058
45000
28 26 26 28 22 18 18 33 33 33 23 33 44 35 21 28 36 40 33 22 33 18 35 25 28 36 21 24 25 28 28 18 23 23 34 26 25 26 31 21 26 24 31 35 39 25 22 19 31 24 30 49 31 27 22 35 26 28 22 32 25 26 38 46 35 25 37 22 30 13 32 26 39 33 31 30 22 25 19 35 28 36 24 17 30 25 34 28 30 26 16 30 21 23 42 21 41 30 26 27 19 26 19 28 26 18 26 29 23 24 29 22 28 29 31 33 21 31 24 21 18 42 33 28 46 24 21 29 25 26 20 33 21 35 23 30 25 26 54 23 27 27 47 28 32 32 32 36 25 26 19 38 28 23 27 29 22 38 29 30 23 30 33 42 17 26 16 29 29 26 19 22 41 24 32 40 30 21 16 37 28 27 26 22 44 21 38 22 20 22 27 24 25 23 19 20 24 20 30 33 30 47 30 24 24 20 17 21 32 45 30 29 33 36 26 33 46 40 22 35 29 27 22 24 34 35 33 37 28 22 37 37 21 29 21 28 34 27 31 29 26 24 34 30 16 43 43 25 38 24 40 25 30 25 34 28 20 15 21 40 29 26 18 16 20 14 27 24 28 23 23 18 35 22 30 22 24 22 27 23 30 36 29 29 23 26 22 24 27 34 22 19 16 28 23 22 20 22 25 19 30 19 25 23 20 40 27 28 51 28 27 23 28 31 32 18 18 45 29 36 27 30 32 26 27 41 59 25 23 23 27 40 16 29 50 32 16 33 24 17 28 32 25 19 23 43 20 24 23 33 36 35 11 32 20 19 32 28 23 24 27 25 23 43 30 42 30 24 29 33 20 27 37 35 20 25 14 43 18 32 29 21 32 30 27 32 37 23 30 14 36 28 20 33 24 37 28 28 38 44 21 27 46 17 13 27 39 30 33 43 22 25 17 30 47 35 39 32 29 27 37 29 34 27 20 55 18 29 30 31 30 18 25 36 23 26 40 39 20 26 30 43 45 19 17 42 30 26 40 18 28 28 17 24 26 51 24 18 26 17 22 26 21 30 25 23 34 28 44 23 33 39 23 19 41 32 20 30 22 20 19 25 18 23 18 23 38 23 22 33 18 26 17 34 28 23 25 22 19 25 
28.006
50000
35 24 25 22 20 23 38 38 33 24 36 31 25 22 20 24 36 22 33 18 33 24 27 17 21 33 48 26 32 32 34 24 15 31 43 22 34 30 35 29 26 25 34 15 23 39 36 28 29 19 21 25 23 39 32 43 19 20 29 40 31 27 36 22 21 31 26 21 28 35 23 27 27 28 39 30 33 18 25 35 24 32 22 25 21 19 43 39 31 28 23 22 31 20 39 17 29 52 38 24 29 28 38 29 24 24 27 27 21 40 25 26 33 20 18 21 25 24 29 41 22 28 22 23 17 30 21 31 31 20 27 29 18 22 22 15 26 19 23 22 22 27 30 25 29 23 37 20 36 25 21 39 31 20 40 20 14 24 23 46 24 25 28 16 20 26 28 20 21 45 16 25 28 24 30 36 29 22 24 31 27 44 21 21 24 23 35 31 17 29 19 27 25 20 22 22 17 31 26 25 43 23 31 18 20 20 31 28 26 28 26 34 27 26 19 25 24 25 28 27 26 40 25 22 35 25 37 22 30 18 26 36 31 26 32 29 32 40 27 37 22 18 29 23 24 30 26 38 31 34 26 36 32 14 24 23 23 23 29 32 28 23 29 31 31 31 30 30 46 21 13 25 26 36 29 27 30 24 20 26 25 40 24 26 24 28 22 40 42 29 30 20 23 28 28 27 21 25 26 44 21 39 20 33 28 23 30 28 42 28 25 28 36 25 16 22 28 16 34 27 18 20 39 23 26 31 41 45 25 26 17 33 22 43 24 18 21 14 23 14 25 40 21 20 31 27 32 50 34 12 41 21 24 21 39 16 19 41 35 20 35 20 28 39 28 20 47 33 22 33 21 31 24 52 21 13 26 31 17 24 33 35 35 32 16 21 28 22 27 30 25 31 24 31 26 22 34 25 26 21 15 39 33 32 24 15 24 25 36 24 20 21 20 28 37 23 32 29 17 27 26 22 29 15 28 27 34 25 40 17 18 24 28 34 37 29 28 37 27 38 28 20 19 28 46 23 34 39 30 33 39 43 37 28 20 27 24 19 23 37 30 24 35 31 22 22 18 30 29 26 17 17 23 21 35 22 24 25 18 22 29 35 29 39 38 23 18 38 25 25 14 22 19 24 25 28 38 24 32 19 
27.39
55000
27 37 26 38 24 18 26 27 23 28 20 22 24 28 36 19 20 33 37 22 41 25 35 27 22 26 32 30 25 20 35 42 30 45 27 14 23 31 25 20 28 34 26 15 18 33 32 43 40 28 25 27 51 29 26 30 15 27 26 40 26 20 26 19 20 34 33 29 34 24 26 28 17 31 27 21 23 24 22 33 17 47 26 44 19 46 44 29 47 23 32 27 20 24 26 19 28 26 24 31 20 33 24 21 34 27 28 28 26 38 42 23 21 28 38 23 40 27 30 26 34 25 25 26 26 26 26 26 16 29 19 36 29 26 46 28 28 39 29 34 25 32 29 29 19 32 28 42 31 27 24 36 26 26 27 30 22 31 37 35 21 27 32 27 25 21 39 31 28 28 25 32 29 15 26 27 33 31 22 23 25 38 28 39 19 27 37 30 38 31 22 34 25 35 32 21 30 25 18 24 35 36 35 17 21 22 17 30 18 25 37 19 27 37 26 37 26 26 35 20 25 30 39 21 33 27 41 24 31 26 28 31 35 32 30 25 31 20 26 29 23 24 37 37 27 28 23 36 40 35 17 24 33 34 32 25 25 29 17 42 34 31 36 41 23 29 34 31 27 42 37 27 21 26 30 43 35 15 17 27 22 22 36 30 31 28 37 29 50 21 37 33 20 33 24 22 30 18 30 36 36 26 21 15 23 34 33 36 43 24 29 23 23 25 23 28 19 20 29 34 25 31 34 25 20 34 33 26 26 21 27 38 19 31 45 25 31 33 35 20 36 39 35 28 24 26 21 28 26 30 41 27 25 28 32 32 20 24 16 23 28 18 18 32 30 45 23 23 27 20 26 44 21 16 23 27 33 23 20 19 20 35 29 24 33 28 33 20 42 32 27 26 20 24 20 19 25 24 27 40 47 22 23 19 22 42 29 46 27 32 37 21 32 34 40 39 39 35 27 17 29 26 26 33 33 24 34 22 39 25 24 21 24 38 30 32 27 26 21 30 34 33 26 14 27 36 30 25 23 18 28 45 26 25 28 40 25 21 30 25 27 17 23 34 23 38 28 38 38 28 19 26 38 21 20 22 17 24 20 18 31 29 20 41 22 31 32 36 24 19 28 26 19 26 22 22 34 25 29 43 
28.338
60000
25 22 24 20 37 20 23 26 24 28 43 34 30 24 25 24 33 19 38 32 24 19 28 39 31 23 29 34 27 24 23 31 18 26 36 26 25 17 36 20 32 50 26 19 33 23 22 31 30 27 19 40 43 24 37 22 18 20 24 38 27 26 29 27 40 21 26 19 40 44 21 24 26 45 22 21 26 17 26 21 40 22 30 30 33 24 26 50 23 24 23 37 19 47 24 21 20 39 27 31 23 24 39 18 19 38 24 32 29 22 32 27 21 36 31 22 31 37 33 26 21 27 22 35 34 30 33 29 17 28 28 24 21 29 29 44 32 34 19 31 44 28 24 25 42 33 31 20 19 24 29 34 41 28 37 25 26 21 33 38 34 33 40 48 35 24 34 32 34 32 20 22 32 30 24 25 24 37 24 20 28 35 19 18 33 26 26 23 21 28 15 37 36 26 22 18 26 30 27 35 43 27 32 23 24 36 34 47 32 21 16 24 28 43 17 35 25 21 24 31 27 31 26 28 24 37 27 29 25 40 27 33 21 29 28 37 23 33 29 28 27 28 21 28 26 43 24 20 25 13 40 19 20 47 24 30 17 35 34 43 39 25 47 25 23 36 21 21 21 13 18 19 28 19 38 45 27 19 26 32 30 24 18 33 27 29 45 37 39 27 35 31 23 35 21 19 38 24 42 26 26 40 22 45 21 26 28 25 34 37 22 51 28 34 42 15 17 29 22 37 39 40 32 23 37 31 27 36 30 29 34 32 26 29 42 24 29 25 29 43 22 30 46 21 21 37 25 37 42 29 33 33 18 33 27 31 18 25 20 34 22 38 27 38 25 49 36 22 25 33 31 32 20 22 39 34 26 42 19 31 25 33 28 23 25 52 21 13 25 30 42 38 22 24 27 16 26 40 22 58 21 24 29 41 14 38 40 32 29 45 26 24 43 27 22 26 17 22 33 29 16 18 39 20 17 37 31 25 21 24 21 27 16 31 23 36 38 32 35 38 30 31 43 30 34 21 44 26 28 29 25 32 16 15 22 27 13 47 24 21 21 34 14 23 29 25 39 18 40 25 20 31 24 31 25 18 29 27 21 18 30 31 36 30 25 53 30 34 26 26 30 39 25 15 31 33 16 38 32 34 
28.75
65000
33 23 33 23 26 24 20 41 30 31 23 27 43 38 30 23 55 33 23 49 19 25 54 27 21 45 42 26 23 23 25 31 33 38 44 47 48 22 36 32 31 60 35 19 53 26 31 38 47 27 28 43 23 32 25 29 20 19 28 44 59 41 30 19 20 31 41 36 37 21 35 24 29 25 32 34 30 28 17 36 23 29 21 36 29 24 39 13 42 24 41 37 32 18 20 21 21 23 27 16 32 24 20 28 18 29 29 19 27 41 24 22 21 50 30 18 48 28 21 28 27 48 16 21 27 27 31 25 19 31 24 28 28 35 37 43 45 36 45 26 52 34 18 22 25 45 30 22 38 18 23 20 28 34 32 34 23 28 26 41 34 42 29 26 18 25 45 23 28 39 27 30 16 18 20 24 33 27 34 31 15 27 25 43 19 29 29 34 32 38 30 25 25 19 30 27 27 31 28 25 27 37 28 41 17 28 26 67 24 39 22 17 26 36 20 23 44 22 25 42 17 32 25 17 21 28 39 32 17 45 16 21 14 26 23 24 25 42 19 21 27 31 20 36 32 47 19 38 25 18 41 22 35 29 28 33 23 29 21 33 27 29 27 45 20 41 36 29 28 26 36 25 25 27 23 26 47 24 14 25 25 37 37 19 24 30 35 30 29 28 20 31 24 30 21 29 20 17 25 24 39 22 31 27 16 25 33 33 22 26 36 26 27 41 27 33 19 30 22 31 16 29 38 38 37 29 30 34 15 24 24 26 22 21 43 27 45 43 33 27 26 30 29 25 25 32 31 38 21 20 22 34 17 22 21 29 13 31 25 31 31 31 33 18 17 19 43 29 45 49 31 38 28 23 33 28 36 36 14 21 25 25 28 42 20 23 34 29 19 25 37 25 24 23 16 35 28 20 22 22 34 52 37 28 26 17 28 22 39 46 24 13 23 21 29 31 45 37 28 24 26 23 39 39 27 32 23 21 24 31 25 26 27 31 23 27 26 27 29 31 34 34 26 41 30 37 39 32 23 26 31 30 24 31 30 25 17 30 27 41 24 20 25 22 23 41 19 24 20 21 35 22 30 24 23 19 27 49 29 26 20 35 24 37 28 25 23 27 36 22 17 42 31 20 34 31 27 24 25 45 
29
70000
28 23 35 23 16 23 19 28 34 18 21 19 36 36 31 26 27 21 34 18 27 28 22 43 33 34 38 29 26 29 30 30 34 29 24 32 44 24 28 31 19 33 24 30 33 44 27 38 46 34 38 25 33 26 29 29 20 33 47 47 39 25 25 31 18 23 24 31 20 34 19 33 29 27 44 31 31 41 31 22 27 28 21 35 25 18 27 27 32 19 15 29 18 22 22 21 35 24 26 31 18 53 25 37 18 23 29 19 26 29 27 21 34 28 26 22 25 34 23 17 37 33 26 29 43 24 30 30 23 40 32 28 29 39 26 29 37 25 22 20 33 38 21 32 30 26 27 24 33 23 29 29 23 30 30 22 21 24 24 21 21 25 23 32 37 30 42 34 29 25 19 37 16 28 37 24 30 37 13 21 25 28 37 41 35 41 42 26 54 29 55 23 27 35 59 28 17 23 22 27 21 22 28 40 31 40 29 24 32 45 27 35 17 23 20 40 24 53 29 27 34 24 22 19 30 50 15 33 39 40 22 26 20 30 37 32 24 23 22 40 53 35 28 28 21 23 24 32 24 34 17 32 31 16 28 20 20 35 27 36 26 13 28 35 20 34 21 47 24 23 16 33 27 32 27 23 30 23 23 50 22 28 25 27 28 31 31 27 29 27 28 19 16 27 34 35 28 27 23 30 24 30 28 32 17 22 32 21 20 30 31 32 18 43 21 30 29 34 30 37 21 31 21 24 36 38 28 47 22 29 17 21 22 31 33 40 33 24 33 31 25 23 41 25 18 28 31 31 30 33 23 25 46 47 31 23 21 32 25 35 28 31 22 23 21 28 23 34 36 28 34 26 27 24 22 27 24 23 19 20 34 26 29 46 26 27 27 30 27 35 33 29 25 27 41 22 23 25 22 43 39 29 22 21 26 29 33 21 30 29 19 21 35 40 25 30 25 24 37 24 19 20 21 31 40 40 31 24 33 36 18 25 34 39 19 35 31 15 32 28 28 20 32 18 19 31 36 28 23 39 42 33 18 32 29 23 26 38 39 37 22 25 26 23 25 16 31 19 25 51 31 29 19 26 29 40 24 23 24 28 41 28 39 35 32 23 36 43 30 32 24 41 36 22 33 25 25 15 29 23 
28.696
75000
33 37 23 26 35 27 23 36 50 33 28 29 38 21 43 19 27 33 40 36 39 29 24 31 49 40 34 40 37 34 27 34 24 40 36 22 38 21 26 41 29 23 46 25 34 39 26 16 31 20 37 33 36 25 23 23 33 17 28 28 31 31 38 25 29 34 26 24 27 30 49 32 17 26 33 42 28 44 21 31 21 35 31 36 25 26 30 25 30 31 20 42 33 34 22 24 44 23 23 39 20 40 30 35 18 33 36 20 18 27 45 24 28 30 27 29 33 30 34 30 23 19 21 21 21 26 25 31 19 29 19 32 42 29 22 32 27 27 48 48 28 19 16 28 21 27 23 20 31 22 26 28 30 24 32 31 27 25 23 40 41 28 32 25 24 22 23 29 33 30 20 26 26 34 39 35 32 27 24 20 25 33 42 24 52 26 22 46 28 29 27 30 46 35 25 22 23 30 30 28 23 25 32 31 28 21 58 36 31 22 31 29 32 27 24 42 27 22 23 19 23 29 26 23 37 34 32 42 26 23 24 18 38 27 31 33 20 32 35 31 31 32 32 19 29 26 32 21 23 21 31 11 42 27 30 26 22 24 34 23 27 33 28 43 29 36 20 34 34 23 29 20 27 31 29 26 17 30 23 32 16 24 27 21 35 18 32 29 29 25 23 40 37 42 22 25 28 38 24 34 30 30 38 46 25 24 28 30 16 23 27 19 19 21 37 26 30 21 22 33 31 30 34 34 31 35 30 24 25 23 31 43 24 31 17 28 29 20 19 34 31 26 26 21 30 38 40 23 25 27 17 21 29 49 30 37 24 32 29 47 31 33 53 22 37 24 31 28 56 25 38 23 19 38 28 42 21 32 17 21 21 37 33 25 21 34 37 24 26 21 21 22 25 27 29 24 19 14 25 17 45 24 26 22 20 18 29 32 16 26 44 25 29 30 25 25 30 28 29 22 24 26 30 24 24 31 27 39 34 35 42 17 24 45 33 39 34 26 19 17 38 59 16 24 19 23 37 18 26 30 22 28 27 29 22 31 18 24 23 33 25 24 13 22 40 28 32 30 20 28 26 26 31 17 53 37 29 41 21 18 23 34 22 13 35 27 35 24 20 32 27 24 22 29 43 35 23 23 27 25 
28.838
80000
47 28 34 26 29 30 28 36 25 26 27 29 32 33 28 29 25 38 28 22 35 25 29 24 23 32 35 36 19 42 38 21 31 28 23 16 33 41 18 31 34 62 26 21 36 28 24 24 33 28 35 23 37 40 37 36 17 27 23 27 27 31 23 26 22 31 31 24 19 27 23 29 26 29 35 35 32 23 23 20 28 31 23 23 27 49 20 21 22 30 21 19 35 30 30 30 50 47 32 37 31 28 28 42 23 54 21 28 29 34 35 32 47 24 25 17 51 16 26 26 26 37 32 21 27 27 24 39 30 24 14 21 48 26 19 26 20 25 37 20 27 31 50 26 37 26 43 37 26 18 40 26 32 31 29 35 30 39 22 29 35 27 28 27 32 25 16 34 31 43 17 41 33 17 21 33 40 20 25 17 18 34 31 22 37 20 29 32 21 55 14 44 41 29 26 26 24 29 26 27 28 30 33 29 26 32 24 36 30 27 20 24 10 40 20 42 26 42 21 42 28 17 30 34 28 31 43 23 25 31 39 19 32 18 30 23 38 36 26 41 42 35 32 20 43 39 31 33 23 37 27 38 28 34 30 29 21 37 20 43 29 41 40 31 21 28 30 41 28 33 26 22 22 20 26 25 29 17 25 22 25 26 30 19 29 30 19 27 28 30 49 22 24 13 21 31 37 20 30 44 29 27 37 20 19 42 23 28 25 34 38 31 25 29 43 22 30 24 25 23 19 28 29 23 28 33 31 21 22 49 23 17 24 24 46 36 19 31 28 38 22 38 27 20 26 28 33 24 37 32 41 31 30 30 37 34 24 34 21 39 29 30 39 39 22 21 40 26 34 27 34 41 23 17 24 19 35 25 18 27 21 42 29 23 26 26 20 30 26 22 32 30 29 40 32 18 23 32 26 41 34 29 30 27 23 44 20 35 34 33 26 33 26 28 38 29 43 32 26 43 22 28 19 33 29 24 30 37 27 24 34 38 23 46 28 46 62 30 17 44 19 32 25 24 24 19 32 30 28 24 29 47 27 34 21 25 19 39 39 28 24 21 29 24 43 33 40 33 25 22 23 28 21 32 29 30 14 23 12 41 31 29 19 31 33 28 28 28 38 38 25 29 29 27 28 24 43 32 36 51 
29.416
85000
40 24 39 22 21 16 38 23 40 27 24 35 15 25 30 28 42 35 24 37 41 26 29 32 30 24 40 39 27 31 25 33 25 28 30 33 29 38 31 21 27 38 36 26 21 31 24 22 41 29 37 24 26 35 26 25 22 37 33 29 23 31 24 30 29 25 28 25 35 44 24 29 29 40 29 29 29 22 23 36 47 33 38 36 42 30 40 48 20 30 30 26 31 36 34 38 27 22 31 18 27 47 18 31 19 43 24 24 36 24 20 31 17 32 33 35 20 20 32 28 34 23 23 33 23 20 45 26 17 24 31 22 28 37 44 21 17 26 35 39 24 21 34 44 17 22 25 20 31 22 26 29 24 25 41 22 23 27 25 30 26 20 15 38 35 17 36 21 19 34 19 38 19 24 30 26 20 56 38 21 37 35 20 28 45 24 23 48 25 19 33 25 37 22 23 36 37 24 32 23 37 23 51 34 27 19 27 30 25 26 42 24 26 33 47 39 26 36 33 33 38 29 23 32 32 26 37 38 33 30 23 33 27 20 21 39 21 26 34 23 26 51 19 40 21 44 21 51 30 32 29 29 25 32 41 31 28 34 19 31 28 24 27 28 23 22 38 27 18 27 32 26 19 39 33 33 24 21 19 24 25 23 29 24 24 26 33 34 31 37 23 34 29 33 20 24 25 22 25 13 32 25 50 34 43 18 27 46 35 18 27 34 30 18 27 22 34 28 37 26 23 20 32 34 39 25 21 31 30 17 16 25 50 31 28 40 25 30 29 39 48 24 21 31 28 49 31 26 34 28 30 31 28 27 27 28 22 35 43 28 34 28 33 34 20 22 22 37 38 24 24 33 29 24 20 20 27 29 33 21 42 39 22 30 26 18 25 31 25 30 29 22 38 22 23 34 26 29 26 27 28 21 30 23 42 28 31 44 27 19 32 44 43 27 40 38 38 33 22 22 25 19 29 37 39 28 36 32 21 45 28 23 25 30 34 35 23 29 32 19 28 30 34 36 27 25 41 23 30 27 31 22 31 27 22 30 25 34 37 25 27 27 25 27 13 19 36 28 25 22 31 36 21 19 27 27 33 28 28 23 24 40 19 33 21 26 17 29 36 30 31 36 21 28 21 28 29 28 20 32 
29.134
90000
31 26 26 27 23 21 43 33 20 36 32 29 43 36 36 31 35 37 28 36 25 34 37 28 30 26 23 38 34 34 20 29 32 36 33 20 43 28 36 35 32 25 25 24 38 15 18 33 45 36 18 29 23 24 24 28 31 26 19 22 42 36 35 25 23 30 27 41 21 22 26 38 39 50 15 23 33 17 24 27 43 22 27 37 29 25 26 36 36 25 36 20 38 30 32 22 26 25 36 21 27 29 21 38 28 25 28 23 29 25 35 25 19 34 26 37 39 21 41 35 26 35 35 35 33 30 36 32 23 25 25 26 35 53 22 29 32 21 29 30 42 20 31 19 23 31 38 37 28 36 30 29 31 29 28 31 32 35 43 27 32 32 44 39 23 28 27 31 22 29 18 23 21 23 23 29 33 23 34 37 28 23 21 26 30 31 35 29 25 29 25 24 28 36 35 31 30 21 24 38 35 42 22 44 24 34 21 34 25 27 46 46 33 31 24 41 26 20 38 32 26 21 27 23 37 30 30 29 30 35 30 34 28 30 32 26 29 38 48 30 33 36 34 26 32 38 34 44 58 34 29 24 33 34 30 28 24 29 37 39 37 30 36 31 29 24 30 40 24 30 21 42 32 30 37 25 23 22 13 27 28 39 51 21 52 21 24 24 39 32 25 42 18 31 24 33 22 25 34 27 28 25 40 58 30 33 44 26 25 20 25 32 22 30 28 23 34 36 38 25 38 27 20 18 34 24 39 52 23 22 21 27 24 28 36 28 47 51 53 32 33 21 29 44 24 36 23 35 35 35 27 29 26 23 33 28 38 25 22 22 19 32 52 21 23 30 25 28 31 35 34 24 28 43 24 33 29 25 18 22 48 22 32 39 26 17 40 27 33 22 31 30 21 30 22 30 24 35 23 33 31 30 31 36 36 44 30 25 17 36 48 20 19 40 23 26 26 46 26 26 26 26 17 37 29 25 42 35 26 27 29 31 31 31 43 26 33 32 33 24 26 25 32 28 26 29 28 22 46 27 29 31 36 36 32 23 22 31 27 38 28 35 34 27 21 34 28 35 20 27 24 28 34 30 30 30 45 20 17 37 21 30 25 32 32 31 27 30 26 28 23 27 21 26 26 16 38 32 45 24 
30.058
95000
17 26 19 25 29 44 21 25 29 20 20 19 19 42 30 33 47 18 31 33 17 30 40 24 24 24 31 36 33 18 23 21 34 32 35 27 21 25 24 24 42 23 22 34 30 25 33 18 25 25 29 31 36 21 55 29 16 36 30 35 22 24 29 29 20 28 25 21 32 34 21 38 23 33 31 28 29 25 21 23 46 24 28 24 32 40 30 36 27 33 44 38 27 28 29 23 24 22 34 25 19 29 19 28 35 36 29 18 23 28 28 23 27 28 29 31 27 20 30 29 24 29 36 23 33 30 30 34 28 32 32 34 37 29 30 22 23 25 37 29 42 24 37 29 15 24 20 36 33 29 38 15 24 23 25 40 33 33 42 24 27 29 32 18 31 22 26 21 24 16 20 22 30 33 25 22 42 28 16 27 28 24 48 29 24 52 35 48 29 20 25 35 22 29 31 38 34 26 25 26 33 33 25 39 21 19 25 31 21 24 23 24 25 29 30 28 29 41 22 27 43 26 58 51 22 28 26 27 30 23 27 32 25 41 26 37 34 38 33 33 41 17 20 49 23 33 23 25 25 30 22 38 55 38 27 35 29 17 34 30 29 22 36 34 32 46 24 29 41 33 27 25 34 36 31 26 33 22 14 48 43 36 26 44 28 25 21 34 31 31 39 33 22 21 22 15 35 34 33 36 26 34 26 52 24 28 42 33 26 27 29 21 35 44 25 26 38 29 23 28 23 23 31 43 37 51 29 29 21 20 19 33 20 53 39 37 40 25 30 20 26 24 41 26 28 27 43 31 34 33 21 34 31 20 37 28 29 30 31 45 37 28 31 29 26 32 45 34 30 37 23 40 38 22 31 26 42 29 36 24 37 31 39 40 30 48 23 23 29 30 34 27 29 19 24 35 37 47 32 40 17 28 21 26 20 24 24 31 28 42 41 32 52 31 22 20 33 16 65 30 27 21 20 23 38 48 29 46 20 39 20 30 29 29 25 31 49 30 31 23 22 29 34 22 31 30 37 24 34 24 36 34 34 25 28 46 26 34 21 28 30 29 24 29 25 24 33 24 31 24 21 27 28 25 43 26 25 40 22 22 17 23 27 61 30 16 26 21 29 30 36 21 24 29 26 28 28 30 27 34 
29.642
100000
46 28 28 30 27 20 31 24 41 33 31 41 24 23 23 31 21 35 35 31 28 27 30 31 33 24 23 22 23 26 29 28 26 41 40 23 22 25 24 17 28 25 38 23 26 30 44 23 28 36 28 41 45 36 51 29 25 33 22 34 25 43 33 44 28 28 24 27 32 39 28 28 28 19 45 34 34 20 17 21 35 38 41 38 32 29 15 42 30 23 30 21 41 29 26 24 33 27 22 32 25 26 26 17 31 32 29 21 40 39 30 29 29 36 32 43 29 30 44 27 31 30 24 22 20 27 30 34 31 20 26 28 23 41 31 26 33 27 26 22 26 27 19 29 44 43 27 22 31 35 19 24 34 36 27 51 33 37 37 37 27 21 25 33 24 33 24 27 29 39 26 20 13 25 28 26 22 34 26 34 33 25 30 33 51 21 18 39 26 34 28 21 35 29 22 36 27 31 40 44 31 27 32 20 24 21 22 41 26 32 27 33 32 24 24 20 23 37 29 41 25 26 40 24 31 29 41 23 30 26 29 26 34 51 24 22 33 21 41 36 34 40 21 22 31 31 26 17 35 23 31 26 25 31 32 30 26 30 26 40 35 21 34 26 25 16 20 25 18 25 33 32 21 29 28 35 19 26 22 37 23 44 26 43 23 37 20 37 33 33 30 37 27 23 39 21 39 20 19 23 33 21 37 28 26 41 28 35 31 28 37 17 23 32 21 20 38 37 34 23 28 28 24 21 25 26 29 28 23 33 24 26 29 25 26 21 29 41 29 29 26 28 23 34 25 37 40 30 32 20 22 27 23 33 30 28 30 29 18 33 40 18 46 32 30 27 20 26 26 25 33 24 21 29 30 21 47 27 26 25 26 25 30 30 38 21 32 27 38 46 33 22 28 29 43 26 18 36 34 43 28 22 32 33 20 19 25 21 25 29 27 36 26 34 37 28 26 37 37 29 35 24 37 28 29 21 30 30 24 39 22 41 52 22 32 38 19 49 39 25 49 24 41 23 28 33 23 32 29 24 34 24 21 19 25 37 17 46 36 42 46 40 39 25 26 22 28 26 16 25 19 30 22 21 23 28 39 37 23 24 19 24 49 41 21 25 44 25 36 30 26 23 40 27 30 31 33 25 29 28 
29.434
