500
113 166 103 84 132 155 183 207 65 235 156 60 145 159 60 160 136 137 224 183 100 180 198 169 340 198 97 158 143 147 119 43 153 118 56 110 223 175 164 75 273 65 56 52 160 58 98 182 205 77 135 180 85 105 86 176 65 140 74 360 170 184 190 290 197 203 95 210 66 150 209 189 141 217 164 156 130 223 153 214 77 55 73 158 165 157 209 152 262 76 95 119 174 153 100 65 196 140 179 53 130 84 85 107 90 226 58 201 20 240 208 107 81 174 218 102 109 321 51 176 222 181 123 106 273 202 128 125 71 100 192 157 156 121 62 88 165 139 222 129 170 53 57 119 120 132 155 68 155 250 76 142 134 204 101 157 118 185 189 268 90 226 194 68 153 114 179 83 166 248 48 174 117 287 111 53 146 140 120 80 154 88 218 100 77 45 127 91 154 115 181 196 150 34 87 94 174 228 122 111 108 214 104 244 35 73 66 143 192 179 190 21 163 186 216 75 169 249 44 78 170 249 149 188 175 236 166 142 154 131 120 91 81 113 194 78 118 63 94 285 156 102 57 108 243 80 22 118 71 109 119 76 98 256 92 123 96 271 144 201 165 311 187 168 164 100 111 53 65 228 93 69 62 154 104 134 158 157 41 156 68 178 130 115 151 136 111 144 163 92 83 151 42 123 168 155 163 162 214 49 173 77 185 133 110 185 124 133 40 147 177 163 113 110 40 18 171 214 136 74 216 170 208 80 266 49 92 62 82 191 82 117 147 136 109 97 193 260 70 139 172 148 38 214 206 75 177 148 119 125 280 89 100 161 175 58 141 159 94 163 151 121 107 188 185 139 165 156 261 123 125 35 145 113 215 173 84 154 136 150 171 151 186 178 198 112 194 157 116 190 252 153 129 183 87 179 209 138 138 106 93 210 187 159 50 252 164 209 133 182 163 128 135 248 185 143 72 124 204 123 231 177 199 163 183 201 155 82 143 148 168 174 138 136 147 203 273 36 194 80 62 115 168 185 135 118 173 92 175 111 81 85 237 176 137 121 104 191 195 224 132 195 152 41 222 254 143 90 43 184 76 285 153 156 91 65 187 72 116 123 103 111 48 122 104 61 203 160 185 142 87 46 58 129 160 98 50 172 166 191 
141.844
5000
323 587 105 333 425 313 187 197 272 775 350 320 177 663 198 79 143 196 304 94 343 1216 617 198 1166 202 299 68 73 437 381 332 117 44 182 265 577 435 299 676 514 197 495 723 398 133 433 235 598 794 488 103 503 401 308 159 193 314 515 687 200 145 603 668 469 218 332 406 73 799 169 558 193 250 136 236 442 211 286 76 199 454 234 283 342 170 368 195 601 937 175 749 640 172 145 489 356 613 399 306 301 636 509 221 282 185 248 209 262 218 652 184 117 443 547 683 457 657 266 194 222 258 426 196 337 213 326 275 181 73 577 736 517 159 280 288 1152 234 777 122 800 208 450 157 397 540 252 464 364 156 743 278 338 176 174 175 312 489 234 689 316 204 176 642 529 559 123 358 342 471 75 328 163 267 219 176 646 297 359 96 179 213 435 206 323 253 325 107 172 467 673 292 422 249 478 121 379 356 375 370 510 242 239 455 173 489 275 539 326 276 134 119 281 265 739 102 154 362 247 103 126 859 820 323 484 300 75 198 356 141 182 241 557 259 311 276 526 754 293 581 544 474 387 790 485 119 141 309 365 243 297 147 71 337 403 351 776 293 506 258 221 588 504 492 348 357 413 461 259 618 148 151 276 150 106 280 269 305 304 133 363 457 358 449 309 743 414 244 623 269 102 482 274 120 65 438 556 545 188 295 528 351 171 237 472 41 283 648 203 890 768 274 581 453 234 230 134 277 425 559 284 488 232 605 439 554 301 414 165 441 380 525 194 308 162 300 228 359 353 246 496 316 493 604 263 423 278 790 276 400 144 665 173 391 119 275 250 234 171 190 338 406 147 202 404 401 250 185 408 691 162 34 631 288 143 449 161 213 381 216 133 663 471 197 269 368 215 197 915 358 211 433 271 106 321 837 288 299 157 435 499 410 309 291 237 121 133 130 243 648 307 471 495 524 526 522 404 533 539 217 196 291 344 198 272 333 370 361 227 432 533 189 205 260 293 514 360 276 427 223 542 489 470 191 671 254 496 348 447 124 613 883 404 306 89 430 239 194 411 427 781 245 205 242 753 402 229 196 289 243 270 543 529 280 258 345 782 406 235 166 141 410 178 579 213 553 227 366 605 373 193 388 345 439 101 600 446 159 105 250 
353.562
10000
885 329 694 236 428 192 522 370 224 528 432 361 408 308 587 472 417 477 158 268 181 948 610 561 338 442 198 653 290 519 527 1033 217 145 227 212 393 323 312 389 714 482 621 419 923 280 159 440 202 583 298 310 472 678 547 732 146 563 329 1120 646 1003 355 418 469 507 523 199 149 808 378 530 371 300 228 298 313 196 134 301 240 131 816 443 906 553 464 332 459 215 307 669 542 476 186 768 835 187 375 325 368 342 726 111 494 605 315 547 580 279 888 308 518 203 318 1324 241 459 257 151 344 1519 1208 358 613 163 465 173 286 1305 398 577 247 276 606 196 306 340 686 673 400 381 937 491 425 500 323 220 488 427 554 554 539 106 256 710 176 635 258 843 86 418 415 1598 646 584 674 360 633 85 214 686 297 692 547 560 289 128 266 136 756 334 144 476 480 319 233 565 301 672 462 257 983 296 289 848 601 674 289 341 404 540 511 316 44 369 369 308 273 318 491 496 302 708 627 543 375 362 591 420 176 871 396 361 1553 1089 231 697 112 708 189 412 246 286 498 169 505 518 179 606 824 1125 449 656 703 414 342 471 231 490 342 507 374 677 250 308 414 139 125 159 306 847 937 579 373 88 503 498 308 462 211 321 793 631 281 938 68 44 113 114 453 318 644 551 159 88 364 398 397 915 396 779 707 225 616 380 800 492 311 451 781 570 524 851 515 146 584 669 326 177 967 182 384 305 631 343 304 471 486 480 395 479 159 578 285 296 122 373 429 368 845 369 246 151 553 190 544 209 746 528 298 816 505 565 928 521 456 270 828 1047 818 311 130 875 733 1092 422 643 391 339 671 546 642 508 249 319 484 903 310 761 370 776 361 506 203 694 836 114 193 175 307 889 433 315 407 598 134 411 349 726 388 913 461 386 370 220 179 260 792 299 200 426 199 325 451 441 341 80 103 826 376 206 291 364 678 844 388 613 170 628 563 159 452 332 766 400 419 192 345 475 201 758 401 622 308 317 866 251 432 717 164 397 231 718 613 79 935 418 289 1007 416 552 498 257 263 134 256 411 317 567 336 461 342 232 264 571 808 560 573 135 50 218 395 84 368 425 395 302 272 88 552 580 494 161 498 153 228 518 298 449 369 721 1323 412 228 542 498 683 715 244 
453.69
15000
387 174 157 945 749 99 150 256 495 751 281 288 319 785 1019 768 925 1549 1079 835 781 803 470 1154 202 696 655 278 979 840 775 720 940 87 1099 635 1077 476 98 613 442 318 265 654 731 834 335 1055 198 250 401 462 662 362 300 192 452 324 761 1070 669 528 594 393 1220 347 397 482 194 550 741 173 374 517 453 502 552 731 443 406 387 790 274 419 356 515 289 337 220 768 241 525 472 713 583 1019 447 795 1080 346 501 913 621 334 1298 414 1049 266 164 303 502 514 573 652 576 517 292 570 448 193 524 791 592 872 511 785 623 198 334 737 435 839 532 368 513 222 466 647 457 300 197 245 864 441 791 453 232 437 319 651 604 904 523 458 167 544 908 437 269 498 262 428 437 1224 618 458 477 266 330 865 85 450 355 137 221 469 362 373 520 545 651 589 590 713 696 518 233 357 293 855 460 667 506 662 521 1130 386 642 888 697 341 328 661 453 1127 180 690 300 398 658 688 329 391 194 656 993 138 697 153 329 280 764 1015 568 901 122 514 987 628 380 485 695 207 504 306 578 610 765 497 222 595 298 555 325 450 398 421 521 565 206 437 675 867 436 95 608 176 709 371 1107 1167 425 486 200 250 726 189 1195 550 312 181 597 803 515 821 767 110 517 499 638 601 110 775 794 782 529 518 296 407 782 205 548 519 649 647 816 974 1149 251 746 604 120 560 721 1100 568 648 726 491 451 205 564 314 1029 893 161 402 662 265 365 309 727 613 202 439 398 262 670 335 436 934 870 109 491 394 597 407 163 769 433 773 543 668 361 487 456 866 403 338 295 575 398 587 901 272 536 700 380 370 251 392 437 667 465 501 253 467 135 224 304 171 684 197 543 528 863 426 1273 652 209 540 633 371 173 307 469 495 389 970 178 609 176 719 300 580 558 1338 743 486 533 256 326 158 650 182 411 470 390 353 791 490 615 975 349 924 693 366 656 479 466 66 538 607 534 534 747 272 424 344 460 424 214 164 247 180 278 302 982 442 249 510 922 551 660 847 471 383 486 681 330 359 444 76 80 803 229 125 891 249 515 450 731 796 503 562 268 675 706 705 471 409 111 493 157 288 526 782 200 564 403 603 193 219 754 194 753 675 568 593 853 213 347 904 641 367 728 751 189 599 252 
521.114
20000
184 1409 1180 608 361 365 690 768 363 1013 353 573 419 113 735 145 298 351 153 290 79 642 515 1280 1389 297 645 303 851 1570 427 944 1036 170 335 831 500 261 405 688 957 656 317 897 1153 234 406 805 148 667 441 926 268 559 517 439 631 346 287 557 193 665 471 893 551 579 421 727 1403 118 491 452 376 375 310 517 464 351 334 332 580 964 1068 1083 375 1036 417 754 255 539 221 745 771 694 321 662 768 388 517 191 533 258 1276 146 581 483 950 835 446 254 436 518 711 641 549 298 535 395 304 166 81 1040 223 775 489 1058 1285 172 220 811 503 197 488 150 396 201 684 764 489 816 375 351 511 1133 317 358 404 831 548 131 322 647 544 605 158 363 1066 906 336 718 421 1032 1035 869 194 113 1159 658 288 234 374 587 432 466 141 78 480 448 738 456 696 349 1124 647 581 423 788 537 497 406 460 331 355 239 431 198 394 457 921 448 796 806 290 106 196 491 943 679 394 607 850 388 983 1232 446 496 562 444 346 690 732 527 464 479 1026 935 620 371 385 633 466 720 371 614 726 263 384 574 610 666 341 687 341 626 974 702 140 1017 292 393 887 848 633 623 762 790 252 512 203 701 842 737 929 1189 441 664 939 426 517 314 282 1319 479 258 854 901 321 300 247 633 350 198 505 406 612 627 424 815 333 382 247 471 702 419 126 1489 303 484 433 477 209 400 731 675 373 695 937 713 345 428 484 184 473 289 418 460 267 753 182 125 749 241 561 220 935 982 220 393 257 448 369 287 895 572 709 552 1088 712 910 395 185 424 418 210 569 353 298 496 176 189 295 1332 78 1050 438 590 1001 647 618 909 524 1351 566 904 172 403 572 510 212 538 288 512 424 794 354 576 1111 328 523 432 500 419 505 341 330 270 63 667 507 517 288 632 250 522 394 854 475 571 910 368 576 1180 851 797 474 562 540 335 229 738 814 115 514 577 641 117 492 344 280 1220 443 975 831 702 310 761 569 170 471 591 186 552 545 236 827 274 654 501 175 536 333 479 691 869 38 311 1197 477 315 508 529 889 780 521 886 928 757 325 253 767 145 672 399 1127 987 727 1629 643 425 602 114 309 224 283 442 302 232 348 470 431 194 346 822 243 515 619 128 1104 789 1274 32 852 861 479 417 750 176 264 785 288 
546.428
25000
141 497 812 1253 888 182 275 1111 544 916 189 758 508 744 513 379 1037 513 808 573 67 1133 516 352 1194 612 548 884 155 833 556 827 290 535 106 558 681 791 226 498 394 643 861 425 454 319 546 537 1000 318 141 951 123 941 338 250 723 514 406 842 842 482 1438 1025 542 1406 1074 849 456 1119 826 947 782 444 180 563 1023 1063 568 325 560 376 628 497 539 219 180 743 940 1279 577 1023 776 213 801 647 393 577 886 769 486 979 534 395 453 715 255 795 403 404 644 657 1267 475 160 765 519 996 1034 676 727 878 690 743 1166 754 299 326 301 642 154 549 455 374 770 260 1448 403 608 635 304 539 334 750 1015 249 462 1618 471 210 766 377 535 263 436 748 719 798 611 214 585 1077 1307 902 622 668 1114 555 543 430 96 507 722 421 297 1039 424 435 683 238 170 93 810 1098 577 338 1130 332 966 101 178 605 600 352 166 156 240 60 308 498 368 1136 46 232 195 331 571 235 288 960 682 404 608 788 498 780 733 423 108 183 439 672 983 585 927 640 568 1089 452 677 227 503 318 603 70 365 567 949 682 502 354 652 774 556 704 526 184 545 489 729 582 504 707 373 351 210 794 302 282 1180 266 895 795 797 365 241 353 830 552 359 367 296 1069 499 640 1204 689 426 366 336 445 662 713 866 343 196 296 945 1061 713 352 1428 1084 150 490 230 1046 932 893 869 434 407 476 645 978 102 372 926 336 427 383 677 456 358 1393 586 889 514 433 435 639 822 1055 976 1006 555 787 395 269 759 306 1917 218 382 263 738 511 528 633 978 648 952 388 1063 1044 1466 301 699 91 972 412 676 466 418 413 140 1047 461 989 498 457 778 775 98 831 613 944 697 217 526 500 211 1458 239 873 852 409 250 430 351 1186 1202 1304 1333 581 1192 663 540 169 1968 525 573 279 1029 602 541 541 413 315 340 117 611 290 445 150 124 548 751 312 511 653 925 602 227 326 294 431 759 556 699 392 374 940 1090 567 715 710 691 458 912 815 436 701 527 533 911 660 484 620 946 585 805 394 323 1230 606 342 684 461 597 960 1178 448 687 113 887 1349 590 139 298 172 988 965 1169 288 1072 486 294 1133 403 345 891 469 610 187 348 783 240 236 378 503 414 85 1037 612 416 463 968 296 957 424 467 444 288 779 998 794 863 629 595 
604.194
30000
378 564 208 577 53 389 216 506 308 656 1011 287 1463 149 426 277 269 465 603 280 561 935 878 569 1208 734 315 207 463 765 437 162 943 328 568 138 899 521 456 817 287 544 406 1502 564 253 307 192 1008 784 404 960 836 1171 1316 783 194 632 1130 1025 282 315 559 1202 264 532 586 502 521 681 500 1481 653 1132 473 278 997 537 271 485 385 605 689 733 638 128 393 542 913 1034 611 681 304 228 446 1029 441 1059 1007 606 591 415 213 1131 1068 382 371 174 550 642 252 301 205 899 687 316 870 623 1024 330 687 910 271 1323 95 668 615 514 407 46 725 898 63 322 175 199 506 580 320 988 1276 923 661 122 765 433 247 583 687 759 472 738 547 462 117 505 933 441 460 806 921 742 1152 806 691 395 181 302 250 261 524 348 859 201 682 783 630 170 615 659 496 446 149 1025 1001 384 430 535 1371 769 506 991 161 428 324 672 447 420 1076 506 472 884 981 1139 342 851 308 590 412 1386 1120 563 693 235 649 977 182 1071 184 315 431 1121 971 637 1617 673 158 306 491 711 842 629 207 453 383 239 1568 410 478 453 426 642 691 788 737 299 958 250 957 180 785 869 431 908 316 63 183 383 592 752 393 404 825 653 764 729 2157 612 346 498 576 812 761 617 538 222 759 161 362 246 425 718 919 1049 355 445 414 284 726 956 670 427 728 208 422 277 474 1353 552 712 555 346 1651 547 271 427 707 1165 538 700 409 969 722 228 460 279 250 619 813 562 322 1747 1129 391 1379 670 332 274 543 728 732 194 543 293 1064 486 1339 713 1216 994 514 730 537 1042 601 396 656 761 539 1238 286 713 336 203 534 613 458 585 278 804 384 676 194 767 101 394 593 385 734 480 247 569 387 177 600 888 728 159 1066 197 376 176 562 498 456 869 547 367 775 150 557 630 888 318 716 535 1187 776 842 886 550 455 476 791 241 210 497 986 202 1145 263 962 437 1038 788 733 544 623 708 244 477 1452 815 208 1621 809 189 224 810 682 875 624 533 913 135 343 752 621 1253 1056 370 1185 432 593 699 513 270 564 224 588 640 148 254 144 879 905 543 744 96 1335 277 712 588 1053 809 719 339 259 561 294 81 468 359 942 624 1038 545 448 352 594 728 799 935 557 1045 573 250 643 910 541 702 670 456 268 229 519 516 311 1030 222 
599.696
35000
431 579 211 1226 499 428 228 922 316 278 385 1064 581 514 720 1032 584 989 429 1028 376 723 437 236 1003 876 246 822 193 467 421 526 174 347 492 703 1258 803 793 380 412 954 1026 818 713 873 458 883 975 1109 304 856 168 434 814 309 724 601 311 255 442 1052 912 806 184 1332 1232 623 666 833 242 1033 877 948 778 411 836 332 209 625 945 180 180 1013 510 1074 340 531 36 396 441 974 864 161 265 804 653 967 524 715 301 277 399 58 182 158 313 82 535 703 1078 165 443 344 849 446 924 299 950 382 347 1167 820 508 1425 487 415 717 361 350 699 831 325 533 461 287 1451 978 246 981 226 161 551 235 777 666 625 447 811 469 551 819 687 436 190 799 598 872 296 580 208 411 341 1177 1426 459 493 1907 338 720 865 107 713 658 123 576 721 239 652 541 445 304 1459 672 146 747 519 164 737 1674 936 918 288 323 285 144 1095 414 723 706 425 1551 276 322 393 306 179 1100 226 1999 847 162 1100 496 1363 468 344 448 780 635 571 555 967 688 1506 928 874 674 705 925 473 507 1005 731 777 155 1103 1182 922 588 715 742 572 185 509 400 383 600 920 395 304 1160 306 436 157 678 387 1275 456 1763 355 1605 923 341 775 772 245 926 1449 359 143 631 1294 1487 265 396 554 272 842 343 1041 269 298 361 292 546 705 1175 386 608 372 835 557 344 550 402 1330 758 320 386 525 551 348 262 675 209 940 611 738 133 1088 146 221 164 950 464 623 493 328 374 777 852 835 270 1092 1051 537 640 425 742 132 763 380 231 1247 175 1229 787 1515 416 310 1637 406 849 202 734 179 264 1247 1326 567 1137 341 208 767 869 596 515 903 1056 448 707 780 381 237 664 899 184 171 1097 225 634 472 470 276 338 858 253 300 134 738 446 328 653 258 296 291 880 508 1005 292 979 179 250 675 421 1183 377 835 891 351 1665 321 770 1172 344 654 712 288 237 525 324 1475 585 336 405 1576 2306 321 160 860 443 55 379 1277 727 300 283 647 230 628 836 187 518 951 631 508 713 212 992 1002 419 573 568 996 1133 238 1096 387 426 774 1238 415 630 406 596 878 650 671 351 491 854 1363 845 311 318 389 728 283 513 123 546 1743 746 855 1228 301 543 466 857 1293 678 532 822 1235 137 468 815 722 1519 486 404 252 576 864 575 714 171 592 827 
627.644
40000
880 1140 914 871 350 288 681 495 209 662 1480 377 100 1047 435 531 1470 915 723 500 332 804 376 438 433 595 1031 942 302 703 473 1302 458 630 276 402 1312 495 560 341 1144 460 1109 1027 498 556 62 736 1264 263 905 299 537 746 521 591 732 267 736 490 87 630 483 628 1607 1281 701 1549 817 458 773 465 937 779 984 363 981 737 431 678 548 317 899 392 377 198 463 573 319 333 362 611 986 284 1439 630 130 461 995 741 200 253 795 607 895 165 404 657 948 329 465 579 632 114 1662 296 666 636 485 436 969 263 646 888 1320 194 928 153 373 1323 1178 605 92 440 405 186 1013 141 463 1142 326 843 903 1176 786 426 252 312 698 506 798 650 361 1120 1170 605 1061 1011 507 123 155 1106 1292 948 700 315 403 510 242 424 160 1368 408 950 550 1017 125 731 266 680 1091 158 432 1517 230 223 293 793 340 608 552 626 654 284 192 445 992 193 906 429 195 1146 518 560 339 226 294 538 753 613 209 357 511 747 497 474 755 1202 1158 728 542 341 547 501 582 781 235 552 586 635 378 1089 601 532 1139 191 838 417 201 823 423 964 2096 355 471 1194 952 631 1251 1525 500 1303 365 361 977 1206 374 1134 390 712 363 177 720 227 1396 218 474 246 443 868 334 595 901 610 159 395 843 236 886 484 234 300 297 338 522 121 422 1535 249 781 535 1359 1975 329 532 989 1045 485 1027 707 340 483 443 608 919 528 894 983 69 1856 512 544 547 1169 855 324 1470 727 897 522 37 1046 731 793 446 610 405 988 516 545 828 631 170 302 721 764 1243 1541 715 417 780 1473 441 971 606 448 666 737 169 745 300 777 321 361 535 746 383 663 408 211 531 967 479 947 1615 622 748 381 1412 888 532 548 731 969 433 167 429 635 452 144 875 396 706 804 640 663 415 382 273 1369 309 612 289 445 670 861 843 748 492 603 1122 590 777 647 1081 961 759 754 756 1234 870 481 1020 590 486 492 453 838 656 1465 797 901 450 669 1026 814 764 375 219 579 401 970 614 373 583 667 992 1490 825 806 917 726 831 278 1293 564 1008 590 609 510 368 965 251 1004 332 787 832 985 924 867 459 1205 328 883 811 606 801 472 354 687 512 870 1086 583 1072 188 614 499 592 211 402 259 740 830 826 141 846 345 1380 304 647 411 372 534 1472 1028 804 286 154 729 
655.278
45000
560 501 635 781 639 661 524 544 159 655 390 586 288 912 750 1002 648 919 900 546 612 386 83 1929 889 364 926 315 659 466 652 974 668 450 835 566 1028 814 1150 707 1646 689 284 516 1404 471 439 712 95 371 167 550 271 772 435 540 467 390 1323 472 163 603 734 757 600 821 105 289 260 1042 354 641 507 812 741 443 305 821 245 285 500 569 1104 665 1207 442 323 216 915 788 575 902 461 891 173 1357 588 593 921 73 600 723 689 612 790 730 988 520 507 695 439 249 533 358 217 843 334 303 1522 309 209 743 304 590 1348 539 682 1129 723 673 479 116 903 872 381 489 533 487 671 245 824 748 775 51 1120 374 411 380 298 216 479 858 239 260 259 352 555 869 759 490 463 414 748 1972 465 916 638 476 633 294 181 925 935 438 288 821 127 193 151 585 1087 370 456 1046 355 696 1448 374 786 691 294 980 300 1179 729 474 1131 396 540 535 533 1042 698 657 743 884 422 396 864 822 203 211 203 370 703 547 489 250 465 417 385 1077 573 633 673 957 266 271 545 842 169 703 390 377 917 363 559 969 121 679 346 973 1793 775 1549 155 283 430 959 708 787 412 201 238 361 357 596 378 621 1004 413 1023 578 888 798 485 1020 1092 312 922 700 723 480 205 429 233 627 694 837 744 303 473 1043 349 525 571 251 399 788 700 267 557 1804 654 690 611 505 865 1367 400 340 1251 595 326 737 918 255 709 475 1568 965 1190 472 450 548 923 199 476 417 503 486 870 770 934 543 427 174 505 893 344 326 451 226 286 326 841 1211 487 905 473 352 1222 96 503 712 492 1213 247 786 322 1249 616 269 1300 476 1001 1227 1230 1317 1078 209 997 2614 786 587 627 274 890 431 426 553 1820 515 193 893 595 751 700 331 421 318 335 717 1068 409 219 491 476 719 831 278 717 707 669 856 819 409 448 287 618 989 385 1632 398 1596 595 548 514 513 852 995 732 1107 222 1410 754 624 503 1468 550 86 588 580 1211 1214 1706 744 788 119 702 592 1347 789 642 902 1527 1330 1286 298 761 305 1072 655 462 615 891 1049 964 933 338 670 821 1286 108 433 736 896 496 839 1306 355 1786 942 1741 876 411 523 383 534 546 216 1505 505 998 1069 1034 828 810 745 594 554 325 108 234 1475 654 476 733 978 927 198 686 1023 1254 1184 462 294 717 1032 917 
660.108
50000
329 680 45 401 798 692 670 247 1071 1158 1200 273 907 819 1273 957 459 1475 835 1167 252 1348 622 936 320 714 1414 883 390 2100 1654 301 1111 155 227 239 886 619 338 1525 933 930 637 519 433 895 1112 382 1095 1004 922 718 500 259 1963 415 499 751 287 1723 787 738 1079 967 771 731 1087 894 373 408 358 581 80 515 623 795 603 649 378 682 477 1026 354 1056 107 523 815 1264 1503 602 953 772 400 567 1499 1191 967 284 494 613 1065 729 644 151 980 287 149 562 290 203 601 303 732 808 1786 2100 221 2079 1053 401 1116 815 902 711 728 516 556 501 181 612 809 1636 293 491 77 1687 939 1090 1307 622 509 1201 197 645 1210 614 283 918 612 505 1185 95 739 514 775 659 451 1128 978 2206 417 962 594 875 942 1416 1143 111 1337 457 126 220 1071 460 937 327 620 721 1182 113 1119 624 802 1747 1003 410 664 1264 937 1077 782 755 595 530 997 774 932 139 408 920 417 943 766 1048 620 125 386 933 347 385 308 642 1144 687 1152 198 720 830 418 869 636 743 706 433 1905 378 471 352 408 1550 934 837 491 327 408 731 210 564 804 1698 268 900 944 413 277 828 338 1033 1355 454 653 1030 322 716 344 687 1408 647 254 1502 181 1028 711 1151 685 517 979 666 1118 632 373 132 634 492 530 749 649 337 710 247 633 1210 613 1392 912 633 316 525 605 791 435 1017 825 424 820 971 815 808 1143 651 984 484 1376 168 795 886 345 487 330 881 656 203 823 415 300 291 50 1015 798 172 532 875 910 327 2040 1005 503 673 310 888 388 1330 449 491 782 323 781 367 949 1671 793 990 943 565 501 619 237 823 925 917 877 330 529 308 435 583 1132 218 368 1072 433 359 288 807 751 838 244 614 707 1113 117 364 1415 511 589 172 673 1242 422 314 311 672 834 415 969 592 632 309 801 983 406 811 383 524 608 554 1090 346 576 467 1009 1017 342 300 732 683 598 1119 243 853 855 270 629 580 261 698 553 1290 210 175 423 1697 1544 310 1193 689 548 125 235 671 683 410 524 290 343 203 549 633 500 769 1105 1864 547 1877 1209 323 447 329 326 1139 487 985 329 225 217 575 782 238 807 988 594 975 361 1155 585 1014 437 377 514 789 567 770 363 1240 319 512 960 418 235 358 385 478 757 1405 561 598 1464 770 2035 313 130 1073 431 103 645 851 653 821 680 665 
708.094
55000
214 759 1165 621 265 906 1269 510 173 185 1402 818 1016 454 348 356 334 822 1107 486 213 964 1114 313 1009 995 346 230 324 1347 1162 1593 1135 319 902 415 665 1338 492 466 590 893 116 272 1382 798 918 622 656 436 1146 188 800 360 580 542 557 745 384 871 980 598 713 1294 1148 225 886 593 2245 874 422 297 532 165 406 685 489 417 608 121 563 1176 920 581 124 209 507 880 558 1357 461 576 1523 353 733 500 712 1288 730 683 217 302 1010 187 310 370 1650 712 933 1598 331 223 508 654 1795 474 427 1244 696 891 686 340 132 951 740 621 513 747 667 628 625 1829 671 675 634 627 113 386 450 363 591 1381 484 925 484 905 320 297 213 807 1013 1249 221 2129 907 1866 1069 1174 631 1519 902 1702 343 918 438 989 693 487 262 591 392 209 287 426 379 158 1103 472 585 507 908 1020 1375 518 889 302 1137 319 746 907 371 905 326 814 595 401 1311 763 514 890 111 829 394 1484 651 162 893 678 555 191 546 430 372 322 410 1061 485 870 127 321 1024 1825 543 480 1325 594 511 361 738 1749 1361 1060 120 694 475 797 496 572 1405 941 511 606 1083 407 1241 373 722 190 1597 1360 647 585 150 309 387 606 834 252 623 468 532 423 954 632 299 383 432 974 621 512 519 1255 467 283 532 276 334 713 736 168 1367 1222 358 166 581 413 102 819 1142 1242 257 692 1387 136 876 614 1423 775 578 1605 455 1786 585 421 275 1015 715 216 807 584 129 641 764 532 1216 588 232 1142 422 395 625 868 780 595 301 632 577 608 913 588 136 2035 310 560 255 350 569 1015 873 1068 449 271 619 979 356 784 445 838 485 513 437 898 641 282 440 550 1115 736 1071 337 784 401 1970 719 863 302 954 344 366 758 345 369 179 744 568 1433 530 361 613 389 553 402 485 673 1001 618 161 221 138 602 408 1175 579 892 629 1127 784 88 510 668 427 763 608 1034 483 460 568 491 752 648 1369 319 1181 857 2183 556 235 668 512 368 530 897 951 153 787 727 735 533 186 426 197 1812 410 304 323 748 1604 520 190 1084 151 882 766 100 262 275 236 247 543 413 851 1207 1649 794 377 785 372 776 481 1548 95 1335 2283 736 418 150 844 747 404 722 784 361 858 404 816 692 1194 604 965 208 366 595 515 582 164 188 803 618 1482 1279 214 1301 503 868 1239 1122 352 433 1195 764 
684.54
60000
406 1122 776 349 1131 1077 795 102 642 189 1185 614 1181 273 939 1292 393 559 122 145 419 1571 724 411 908 332 370 902 176 967 673 689 356 343 725 247 1070 273 823 229 711 589 605 102 719 697 549 459 1809 1447 981 127 1139 454 547 772 593 357 889 847 885 321 377 289 390 680 945 691 1308 1107 1065 928 1222 600 940 1166 1369 645 408 719 678 695 641 577 1079 647 362 1514 1933 834 497 1152 1646 475 744 989 1159 1158 229 1136 62 1135 518 881 380 1141 654 537 740 1175 610 419 559 381 1865 646 971 1131 1019 775 431 2069 591 167 1478 1040 900 1267 135 1175 903 519 646 435 644 660 684 864 171 851 329 923 593 833 530 609 852 733 578 854 363 474 1656 373 184 583 405 487 271 537 409 789 1320 471 929 1079 1280 1627 293 466 172 77 330 756 468 731 914 367 685 197 483 400 308 777 552 800 126 757 536 1833 135 884 221 161 947 1096 597 131 391 858 1228 1123 554 178 1001 548 807 346 1514 366 113 698 477 329 2135 395 569 1721 934 805 612 280 634 899 2431 511 352 905 641 1116 1387 658 624 1210 586 606 587 218 900 1655 819 851 616 481 1113 584 793 951 688 1065 468 760 749 388 815 443 713 472 241 895 718 345 434 480 513 672 186 1250 842 255 1344 387 467 515 736 340 1069 469 239 109 555 730 1257 575 141 651 460 568 901 527 481 361 1048 194 207 1273 607 532 662 497 1128 371 1758 683 1399 589 716 1133 125 1658 410 648 953 512 515 552 1467 2591 688 794 676 395 606 625 2145 1815 593 552 694 425 207 517 893 685 184 478 430 647 881 1446 308 816 1133 1177 533 572 589 1698 776 643 1170 2396 709 945 668 1087 1022 546 583 365 610 1269 1846 514 790 772 1065 898 625 280 683 750 1166 672 302 636 771 847 1390 657 749 350 589 1532 1206 617 313 1082 526 1086 658 955 549 472 331 1775 712 472 240 170 367 1198 838 1255 1038 388 580 90 797 1155 1300 689 1108 1030 1001 1207 1393 941 615 1611 742 675 664 1000 933 250 391 664 315 933 1112 497 202 315 370 660 823 78 499 565 1000 1974 421 953 341 616 251 1185 577 411 921 1209 712 788 356 750 435 1128 670 1258 508 604 946 546 1286 1160 456 1576 219 428 1049 369 758 282 1020 236 925 793 223 599 1005 587 614 613 1468 445 262 1043 561 812 849 896 476 663 579 1902 946 379 775 939 
742.572
65000
203 946 459 698 339 260 537 313 434 1644 411 1252 2013 1252 883 713 562 1459 535 715 148 1121 1236 510 1027 352 768 337 615 933 1096 1063 328 298 622 755 1294 972 333 1396 1023 697 370 904 1399 505 729 356 1112 601 871 1730 647 573 470 773 440 271 346 894 1199 753 2050 1380 997 1430 446 733 1315 750 678 1089 1082 683 611 734 1147 353 694 396 605 429 562 1958 913 683 426 397 679 749 258 1267 992 460 443 1830 437 461 661 863 290 617 712 1486 711 1153 874 529 796 1253 735 462 242 425 1065 299 486 781 586 353 272 1397 821 705 2489 679 502 74 624 426 1071 1487 478 342 463 193 1653 394 567 298 436 1096 651 338 1224 556 823 851 386 205 573 234 605 1051 602 664 473 538 474 1256 522 636 1087 347 765 151 1401 1135 1382 538 151 626 1109 454 684 1113 510 757 466 326 461 327 858 804 926 936 189 542 899 1296 551 1367 765 692 889 1568 732 567 581 849 1133 580 771 139 1058 841 587 1011 578 1174 390 1728 826 649 1413 1757 1073 536 427 905 697 843 361 1634 1496 717 103 541 458 1566 564 520 789 1138 300 578 660 774 1304 463 442 796 1232 785 598 828 544 792 1312 213 879 1483 804 40 280 323 1026 1077 641 341 141 551 421 235 1605 360 313 1423 1044 809 773 1187 897 589 858 1475 906 327 373 1066 882 664 681 1111 816 858 513 889 276 261 311 1367 981 771 1652 825 1410 688 347 244 756 1276 875 673 864 1368 918 634 557 1222 940 1345 806 441 430 750 689 245 1155 610 261 2286 1198 767 2034 891 840 545 295 816 798 986 489 238 1053 476 1502 352 221 689 786 1595 1121 523 505 734 810 846 187 620 408 479 776 368 120 588 481 868 479 905 214 802 723 753 1772 639 1040 1211 283 1710 825 398 1960 385 666 665 1570 424 783 235 836 814 882 334 1619 430 583 929 892 594 132 588 348 476 1196 3121 391 456 529 1614 605 1000 833 907 650 652 1072 618 419 1141 475 1801 988 1387 138 937 140 1082 740 414 204 315 948 585 636 722 1380 1035 150 516 1094 287 1471 982 413 436 920 406 872 571 699 714 1672 352 1217 98 490 1220 2156 263 483 1432 751 523 494 1245 470 637 203 678 914 863 454 1608 1029 629 655 945 467 607 812 444 779 1345 306 487 682 463 264 386 67 616 825 760 1079 616 801 1531 1892 1158 208 287 591 1672 567 1503 325 190 1901 713 
773.662
70000
743 1281 947 651 1759 1108 243 706 341 300 570 730 825 576 517 710 83 1966 676 1342 227 157 404 905 788 657 710 899 1099 999 548 508 445 265 71 295 449 1022 881 291 113 835 669 500 303 450 644 435 1653 1097 1091 659 1178 676 1244 235 962 627 796 1682 275 1048 427 538 539 1890 1452 1045 560 843 220 1217 349 746 912 878 1403 766 1536 429 1175 172 1348 936 606 896 458 451 329 837 624 1613 1158 547 188 640 682 797 1313 642 647 377 643 675 1185 425 225 398 703 639 262 1876 888 843 486 1380 507 759 275 1317 542 913 369 1014 1298 172 333 596 711 411 306 897 599 538 678 567 979 615 1317 475 565 1080 676 314 617 414 203 683 532 1628 389 599 96 1040 1087 1887 355 695 183 580 886 1014 1335 628 1056 988 1259 582 295 716 423 275 499 111 588 1099 387 108 883 252 1141 412 907 1006 359 199 405 1587 454 1803 817 1290 1605 1491 293 1420 1303 179 1020 459 449 1226 606 793 911 853 166 760 632 283 1248 643 128 552 821 773 379 1438 645 213 331 1658 1699 618 610 506 88 528 722 232 447 1208 627 363 1328 811 791 252 699 981 764 425 824 505 880 811 659 699 455 545 833 571 631 240 617 472 525 678 709 813 162 302 741 649 547 556 816 579 779 1095 365 468 321 417 718 720 374 194 337 365 1115 848 864 1019 1237 669 1333 939 959 1451 440 655 673 160 443 514 622 415 330 496 454 316 1417 1306 155 504 702 1046 721 861 295 1180 667 1391 418 644 683 739 237 572 722 1356 1649 344 1517 1213 785 711 275 1158 207 840 1447 486 141 1049 1251 1361 1586 1641 420 829 492 293 695 361 328 269 462 214 941 1209 1566 558 334 391 423 897 482 569 236 1458 1238 1837 979 524 681 458 1011 1320 568 1245 657 152 289 1005 410 464 377 469 1061 286 1288 1035 458 340 1278 978 1643 733 687 1052 598 799 924 600 603 463 360 841 356 672 897 752 930 200 1104 370 437 589 1903 745 2158 1095 718 883 769 932 917 300 919 455 1055 563 1383 1049 324 995 724 789 357 2061 509 525 982 357 1424 1184 2098 291 836 1065 1404 1371 409 541 1074 628 562 820 698 959 227 452 593 810 472 914 1284 702 551 1020 1792 535 623 753 2076 494 539 1260 580 1141 1226 1303 1127 388 637 718 984 202 925 601 286 401 536 1100 389 1443 2084 1340 225 403 693 403 795 1373 1426 513 418 535 
754.002
75000
296 194 369 488 914 969 413 371 423 1373 270 476 847 851 822 637 546 1900 865 101 528 762 727 345 737 430 255 211 670 481 132 836 414 1031 780 572 1345 456 1203 1464 1263 477 609 2390 1284 796 1314 1203 583 886 1001 535 262 569 831 398 278 1201 1191 1126 226 327 262 462 778 406 510 641 803 798 390 221 874 451 668 291 1417 1007 561 63 802 978 997 1200 1002 887 243 550 1308 557 47 977 151 239 584 171 1040 774 600 669 286 396 633 373 1152 528 887 492 897 1152 1296 331 393 332 879 592 268 367 446 870 106 876 899 506 1654 968 587 312 189 465 292 1399 929 462 239 504 500 525 1395 1652 296 483 864 1619 1343 825 1228 1044 299 1225 790 1140 1018 488 588 890 1004 332 542 941 481 227 648 1129 1436 502 609 1676 273 1503 262 565 1150 679 354 622 566 326 536 513 497 141 537 443 1402 1144 510 359 907 1128 653 1330 466 592 1184 1022 404 508 378 922 444 674 530 1249 369 806 445 438 409 799 1232 458 294 878 239 976 290 355 899 417 596 208 1400 1160 2302 443 797 455 562 373 399 682 1021 799 141 386 1534 585 482 407 383 1113 908 799 287 495 375 1289 757 619 274 734 348 600 624 501 798 880 1004 478 526 519 914 439 773 989 716 2447 762 381 508 387 988 635 201 1413 856 338 1058 567 480 200 142 1051 584 1372 1153 899 1188 185 520 508 512 573 933 721 1281 851 1281 223 460 739 447 336 1000 1484 774 131 906 1050 703 288 1646 947 731 560 831 1927 630 460 281 1589 705 699 1376 1686 570 367 611 800 1136 782 1331 770 463 656 560 991 1745 571 1116 255 1329 443 1957 1115 859 818 245 726 487 1125 193 605 1000 854 1066 1010 510 1398 586 720 831 1570 611 371 994 599 1520 1130 555 717 1015 144 820 414 517 1403 1379 716 369 933 1139 1342 207 577 623 1798 208 935 243 308 1266 652 694 433 934 478 868 1309 144 636 485 428 1244 600 620 632 529 787 243 392 218 1288 819 630 87 571 365 493 730 1022 787 546 575 1669 624 791 1021 790 734 1211 279 111 1244 371 1089 1435 841 881 323 803 1061 623 1246 1520 621 319 1491 661 451 1229 1251 1101 152 1433 1080 1233 323 1159 179 800 1786 424 364 1404 1165 862 1081 883 784 599 1454 993 832 847 1093 1938 403 68 388 1343 1248 986 1107 520 490 1536 881 435 1637 63 1396 919 743 244 608 199 1593 644 
752.474
80000
603 797 794 1393 1223 1417 419 847 68 2063 438 202 332 2328 323 476 242 1141 384 809 113 589 454 928 1749 415 801 300 458 198 826 259 450 405 212 802 820 322 229 300 405 931 1014 739 712 265 1002 517 1244 1705 480 1361 430 711 516 106 550 677 328 781 291 383 827 659 390 522 810 824 349 1006 348 1067 828 319 795 465 990 341 175 475 393 312 237 963 1734 504 307 811 840 604 178 1371 524 765 756 1078 1694 142 293 481 651 1282 1765 1015 913 702 757 1827 724 1144 338 1135 787 790 532 333 167 822 475 888 416 677 755 813 1620 2045 344 707 297 483 548 602 2130 1075 748 1067 405 432 698 821 263 1020 669 840 633 523 376 456 1113 291 108 1131 728 543 676 1115 516 781 756 955 276 829 723 532 494 676 424 1312 169 1136 608 773 1075 1358 1229 1305 1238 682 689 844 131 171 585 435 603 169 674 2109 616 247 91 943 727 238 1026 424 977 674 741 794 282 311 1701 2345 847 823 1185 251 693 915 695 691 739 419 989 1243 360 1584 1084 706 865 950 316 339 759 856 1105 257 866 783 1141 291 910 1387 738 323 1696 342 868 307 334 552 432 2450 339 705 118 689 914 1026 813 759 135 359 1145 1000 185 833 514 961 264 216 630 466 582 793 674 934 273 427 885 1675 70 337 490 777 1341 458 668 385 603 532 109 995 412 255 704 853 557 817 558 971 696 241 932 1110 987 1034 499 437 164 938 843 453 620 813 330 1002 577 712 576 696 358 805 728 784 726 642 896 601 568 2707 175 765 542 297 219 603 141 644 905 928 855 452 249 650 254 1160 254 887 793 1089 654 674 1137 125 925 647 432 428 461 539 1246 494 431 1400 1015 625 318 322 515 291 617 2451 1546 557 420 1158 918 1050 430 615 914 212 808 519 1467 624 693 273 951 884 1031 341 604 200 285 2010 559 679 372 440 825 244 957 748 1756 774 441 1165 627 1825 437 320 218 823 198 703 907 1253 1085 2091 830 1428 1831 641 245 1573 761 614 597 406 795 1083 1096 253 499 355 730 757 1386 619 402 659 1112 192 495 863 1514 843 1085 1525 665 561 781 145 647 244 1040 2202 967 396 1186 1527 399 936 753 928 1275 1461 1115 1273 294 670 710 348 1114 798 696 1022 1052 266 653 469 673 2044 1303 441 130 1016 359 1354 1393 272 1716 229 283 1220 1065 413 631 1900 1274 104 404 556 637 600 423 606 
742.058
85000
495 1443 1212 532 1293 495 565 1254 411 746 1097 492 503 880 709 690 1301 676 819 969 276 1619 1468 586 1231 674 593 1070 560 767 564 940 333 453 722 1363 223 737 586 871 842 1270 833 850 407 562 665 719 585 296 1146 1500 977 1285 940 1160 1044 853 636 1502 1304 993 262 1408 1003 838 531 1345 205 671 316 1531 790 1118 612 1100 1598 1227 439 484 1160 325 1285 914 722 94 487 500 213 1454 691 583 1318 176 1014 560 1061 184 1542 1866 1001 807 1629 487 1342 756 498 539 658 630 1169 263 693 1302 929 546 997 1679 316 1136 766 501 1420 1550 473 429 715 843 714 1864 454 590 711 448 616 997 1024 1010 647 946 713 741 1280 104 207 973 41 915 858 421 334 101 277 511 333 270 875 1021 1428 685 452 733 1459 2338 1036 769 902 1227 92 640 156 1108 685 932 780 343 937 1389 854 1285 390 1030 1074 802 112 917 177 733 355 277 34 721 471 815 723 958 1653 645 981 501 747 827 1556 481 1065 581 987 1159 613 1882 971 660 1901 1054 772 547 183 1849 1010 1085 179 831 899 684 773 431 1006 329 452 151 1339 2069 536 721 485 477 737 626 1287 740 378 1545 635 327 976 1462 382 1008 1266 787 574 1069 1240 2365 790 851 963 229 599 84 1482 1109 1401 1548 815 765 488 876 773 1360 773 519 901 1295 624 626 352 268 491 240 1593 534 1590 1532 644 638 1195 1284 412 1003 885 1218 796 265 1520 538 1116 762 1531 1154 1317 231 433 1377 810 51 970 489 953 1214 1291 222 190 544 2469 182 763 1709 558 553 1342 1376 469 1067 1296 1733 1199 780 483 880 471 407 617 958 345 286 866 572 330 620 547 654 197 739 1454 469 94 201 682 871 916 420 481 802 1234 460 301 331 2015 934 429 187 921 894 2561 545 541 601 631 1035 839 290 466 922 581 585 711 297 666 208 749 1687 511 596 689 279 346 1097 621 393 623 795 805 429 976 436 1091 580 1343 101 1323 958 254 386 336 1081 853 786 387 1370 1081 606 984 423 565 666 1720 884 369 472 336 1440 1824 1122 860 949 781 767 604 418 329 976 516 1137 1046 406 573 914 432 1327 1151 460 888 552 370 428 691 1185 1178 1162 335 1053 288 686 407 465 138 162 1518 356 506 310 545 201 391 422 864 923 432 1799 672 408 436 1111 547 397 1323 1088 507 311 614 588 775 1178 883 1042 256 470 463 321 329 815 1307 1155 1243 508 1872 1590 517 517 
801.326
90000
358 591 1304 1460 357 1044 1493 1320 269 1583 301 763 1011 324 2021 1159 1178 1678 378 549 714 1358 1545 388 1540 670 476 1928 739 1256 136 1583 611 1481 339 269 1082 668 1016 667 505 320 330 409 869 536 970 373 194 2323 1361 979 297 1007 428 568 542 1114 392 960 967 761 1019 1559 1336 1418 899 1120 551 235 925 167 322 1213 1260 340 1558 1305 455 1049 432 924 1295 661 1697 1661 664 946 1034 789 1048 1023 676 287 1313 350 1281 1544 731 760 217 343 832 804 932 154 248 572 589 283 1058 731 390 202 568 667 848 787 1233 515 1014 2429 733 1205 2106 500 443 1229 858 1381 1091 601 285 417 232 589 582 1354 821 600 278 332 480 809 647 369 184 395 1769 270 641 552 314 1060 482 1227 1481 1317 471 944 1007 1111 1015 464 911 153 79 988 998 271 175 1106 778 708 968 564 1951 91 1035 211 1308 495 1253 721 558 545 593 760 1344 571 664 701 819 1507 330 761 1522 547 1494 371 891 1052 505 2478 503 1086 1722 734 1834 392 334 617 1408 241 1953 683 728 1263 933 1442 683 1191 813 1296 925 367 524 503 326 1498 934 1033 395 800 478 614 932 1910 902 556 626 1231 376 1428 781 872 343 822 860 472 773 1925 1031 638 835 416 315 807 1097 1300 386 564 1139 917 681 828 855 978 974 1911 1291 607 1296 592 567 2394 755 187 890 1784 685 1639 282 2448 723 538 419 536 350 1396 495 509 1196 525 415 1488 1172 1474 419 952 433 674 225 317 870 574 792 532 641 1128 377 409 651 252 1779 440 1039 2910 1687 850 800 1612 1178 822 1399 1212 723 943 518 2841 971 1403 787 797 1356 563 609 829 257 505 335 671 1478 757 1004 717 761 1158 608 441 630 1721 398 812 233 125 1763 747 2066 324 1215 397 1274 438 339 595 799 939 664 640 843 910 223 223 1121 318 1540 238 413 730 494 711 557 1119 537 330 480 1203 335 1437 125 488 1032 358 863 1839 2086 778 1349 1619 126 849 520 684 888 209 1016 219 175 955 605 1058 1037 203 683 503 646 961 1467 1168 264 1270 1464 1447 2022 961 295 993 266 198 506 697 400 360 513 226 460 551 640 1105 536 1083 1059 773 1076 709 740 242 684 339 599 957 89 351 1191 803 913 390 413 994 393 776 329 1319 627 245 676 580 364 1078 928 574 202 513 371 216 630 1160 1169 190 372 956 814 1143 406 1323 390 643 958 1069 288 898 547 635 1803 869 816 798 1153 758 
827.678
95000
175 594 314 527 290 792 824 976 195 2133 873 809 457 219 263 895 910 358 1040 1004 142 1136 478 363 1050 1233 1077 806 687 414 394 1324 669 756 135 662 2096 692 1059 468 1027 615 1156 691 740 332 596 493 803 1237 982 725 661 457 787 452 258 254 607 1483 770 1546 993 579 222 696 555 443 344 974 726 394 610 521 775 1020 381 581 361 426 1134 705 572 624 1358 759 915 498 863 163 294 1105 771 813 338 596 400 1668 629 192 450 1509 1345 671 1111 641 708 499 229 807 735 154 410 690 934 1507 1093 1345 435 304 640 1316 2056 908 1568 408 639 514 450 1088 823 596 330 391 779 408 702 539 1111 758 594 1071 466 863 653 713 760 636 1194 683 185 1158 227 615 637 267 390 136 943 211 527 365 698 250 436 894 1613 2451 971 466 1028 979 891 255 302 1100 956 480 430 169 780 751 1204 565 951 209 228 910 234 1459 418 1459 718 1040 1593 671 1552 713 1069 1139 534 604 740 1052 1136 835 1119 821 285 1368 1916 815 632 869 997 1452 338 610 862 1137 92 1628 999 1078 1470 667 382 1291 291 1029 764 1620 613 934 476 287 856 609 124 382 276 1164 750 490 379 638 496 833 791 471 942 144 1127 433 363 1362 467 1996 160 3102 515 177 1250 1483 1609 2060 1282 1575 789 626 332 626 1662 898 1570 1515 792 931 214 319 709 810 431 653 695 770 1159 419 1166 889 651 631 1582 429 364 851 569 1220 896 1161 664 334 1404 989 478 477 2730 362 767 790 706 510 1913 767 2053 747 898 1456 475 1260 312 1556 1094 1065 939 1024 68 1138 638 1765 262 701 533 572 558 1757 465 678 404 1604 547 754 1076 581 1322 1120 904 1190 969 801 853 1262 444 1163 1610 1718 1211 1195 128 996 242 988 924 1428 803 804 755 737 822 1176 475 1101 603 767 732 789 1356 371 389 711 1439 529 111 2075 563 1055 812 799 1659 1991 542 1078 601 1446 412 728 1703 786 1083 767 313 970 891 934 1682 273 795 381 403 343 525 1073 1084 812 892 714 769 2130 985 781 887 631 513 252 2594 1231 575 882 484 900 666 952 658 1373 865 38 1129 612 2033 715 543 758 231 1384 1067 866 1088 1388 500 74 1191 1028 655 575 406 434 767 1779 296 2472 1586 883 631 567 1323 446 894 3062 772 573 475 388 431 911 1607 372 554 1306 755 769 623 858 1618 1399 1134 1398 62 265 482 1216 632 1204 2027 509 645 1231 533 692 2292 410 
833.9
100000
484 348 1542 632 1246 897 700 466 808 496 754 804 1159 257 1232 597 876 264 1007 1060 529 427 1298 764 328 1859 745 403 303 1654 1134 797 1868 803 547 468 1311 524 617 867 1562 971 228 345 232 906 302 581 999 600 1107 666 349 1229 275 442 1401 1414 534 618 432 379 1086 1938 270 614 196 962 251 1191 832 1847 962 255 439 736 907 630 277 370 636 394 349 1370 694 1000 1168 376 709 752 301 387 503 493 2078 1555 1454 232 1676 786 407 1033 1159 1093 1511 489 281 776 704 1216 1286 1212 486 1083 837 714 1246 1430 954 689 495 2250 1319 908 1160 70 327 671 383 390 512 390 585 237 1106 462 1458 1253 1419 2595 1970 978 513 432 922 425 1287 776 617 517 1084 887 992 1425 858 515 443 863 1184 1146 639 1359 1502 1025 1134 1104 1718 657 1445 1443 430 579 731 1299 709 713 824 1021 564 119 1024 693 462 486 408 442 544 1110 826 1511 807 1310 642 873 549 360 244 912 1737 562 603 1335 1159 845 1839 480 193 875 765 327 1242 1165 830 362 698 547 1344 251 1109 857 671 422 322 526 637 995 712 737 668 731 352 239 841 316 479 437 572 718 403 316 1026 1288 777 468 995 645 1448 1028 380 351 400 2471 102 1204 1050 544 175 191 372 643 1260 400 503 1045 274 748 258 1890 442 549 1082 965 1239 884 503 229 486 690 705 277 1973 820 523 500 963 582 760 912 409 2496 197 746 713 275 859 1684 987 458 1404 1205 506 376 1083 1154 1482 869 855 823 591 556 234 641 423 1188 1393 475 1320 710 740 743 478 1534 1211 1108 954 1245 429 557 497 468 699 1666 456 1077 428 719 1398 609 645 722 1678 762 1017 881 608 572 413 739 835 1693 1460 683 468 568 182 1275 918 231 853 505 401 619 1479 698 1358 293 755 892 1021 699 727 993 1250 319 778 367 1199 2099 262 452 985 527 615 1310 1729 1034 493 333 1021 661 160 1277 530 106 767 1754 1090 291 955 361 859 461 409 782 411 469 979 534 398 899 622 437 1073 1151 643 1445 1162 394 563 240 463 1226 896 679 1846 3583 1405 1291 325 1303 485 1330 619 536 964 977 1151 408 681 443 1244 1322 595 337 368 935 338 613 358 907 857 2669 538 455 259 917 430 555 806 852 527 1462 1193 462 227 779 447 854 492 2909 1318 513 573 447 766 1091 1245 514 1552 915 1339 974 974 1384 1028 135 152 1887 1527 491 322 1471 2227 108 597 1026 1283 371 2132 1495 
831.224
