500
179 126 140 85 46 51 90 110 58 71 211 78 86 91 85 66 58 50 38 98 104 35 132 137 115 50 71 107 53 72 65 114 118 89 103 88 73 117 98 125 64 81 118 55 94 95 51 73 137 129 85 74 90 96 74 185 103 114 72 170 182 295 80 114 102 111 86 91 145 20 55 26 128 63 144 79 59 125 76 24 97 66 83 120 68 38 195 65 101 74 142 100 89 89 109 40 136 92 38 105 148 201 146 68 121 85 73 103 56 76 72 86 40 21 57 111 155 152 105 81 183 52 117 145 119 68 48 129 121 120 205 71 125 61 56 96 102 83 103 121 124 160 139 35 106 44 73 141 45 100 51 67 65 22 39 114 121 79 41 159 187 84 102 46 95 115 71 159 110 100 68 128 46 129 83 113 66 150 48 44 162 57 63 118 69 57 127 84 95 41 169 105 52 48 81 209 97 90 109 44 93 52 114 55 32 96 115 96 30 88 98 60 86 142 150 98 110 120 68 59 199 129 92 174 75 43 163 112 71 82 35 113 107 73 123 30 37 184 110 36 149 34 81 44 126 126 120 63 184 53 34 186 85 85 76 143 83 61 81 119 128 43 144 92 93 86 93 142 107 83 89 93 48 65 127 53 35 56 129 59 142 82 165 91 47 106 64 110 85 111 47 139 15 149 76 108 76 87 36 42 161 111 88 154 109 155 75 180 149 53 130 100 53 118 159 140 191 125 156 105 106 117 172 120 106 57 51 158 73 162 72 103 62 147 104 161 113 68 91 121 108 135 110 156 137 151 110 161 134 115 200 190 150 122 186 109 172 168 104 116 90 208 80 95 58 57 101 51 144 87 121 49 56 57 81 118 144 116 35 159 51 172 96 127 44 58 182 81 160 97 72 158 91 54 95 139 121 83 82 186 138 109 36 84 37 46 124 151 129 56 131 107 96 166 70 66 148 21 191 124 170 22 119 203 127 73 65 126 86 145 123 88 80 66 19 67 76 169 44 53 136 76 91 59 44 206 75 195 45 111 39 52 89 87 40 148 114 57 66 45 150 117 49 90 71 78 66 144 87 119 62 134 118 162 100 63 81 110 72 36 221 67 84 67 39 27 120 124 112 154 153 137 126 75 88 104 132 97 61 149 
99.374
5000
390 412 180 96 141 272 339 148 254 245 251 397 380 209 401 145 149 125 250 254 326 44 170 381 293 78 231 314 219 214 95 179 115 220 134 62 63 349 335 195 276 93 172 45 209 62 85 258 495 246 152 168 136 408 177 358 351 164 275 78 229 294 270 111 296 133 172 344 186 115 85 63 225 238 422 68 193 88 370 60 451 234 153 200 256 311 158 148 197 261 57 361 70 171 234 336 273 189 97 158 271 305 60 358 185 103 232 294 555 107 223 79 140 77 128 202 262 47 214 228 296 105 362 268 163 135 197 138 59 278 268 277 105 68 118 39 164 298 206 87 159 146 171 75 220 158 146 182 163 157 199 146 223 249 165 63 228 219 93 171 152 214 211 57 50 91 250 67 396 180 55 117 67 307 202 82 218 163 62 66 47 267 85 96 54 157 352 63 426 247 66 250 286 129 407 190 222 91 111 279 75 306 236 467 68 209 270 45 304 281 174 305 86 36 253 285 308 252 111 361 286 153 373 320 104 120 309 78 204 108 197 241 188 234 185 60 185 264 109 316 76 280 250 167 353 340 206 193 279 326 116 236 353 116 81 285 228 117 114 286 121 77 326 105 424 308 404 315 152 144 88 118 199 136 84 277 216 155 144 210 342 515 290 94 251 260 331 319 259 252 106 148 179 194 204 61 259 166 417 97 117 146 117 465 186 210 184 121 59 136 571 76 335 155 106 235 189 160 154 110 165 70 396 186 203 62 218 141 193 166 97 303 51 238 135 53 170 123 172 213 37 137 213 208 220 94 74 149 266 240 128 282 477 277 370 468 217 255 213 143 82 149 118 210 61 126 176 79 266 145 84 219 37 370 193 107 253 305 58 400 228 372 160 220 56 176 310 103 208 308 284 346 101 354 370 96 269 218 68 83 222 331 195 107 150 264 63 382 152 192 95 50 409 224 177 70 209 153 64 226 192 188 117 234 199 158 105 126 292 385 142 244 147 345 133 195 196 44 437 139 341 185 261 228 219 183 79 225 235 326 161 136 199 256 283 238 321 98 138 335 44 376 157 67 197 131 189 50 298 153 118 250 199 201 285 42 188 243 201 128 163 189 201 243 112 524 157 244 188 112 103 137 294 319 367 123 406 235 156 173 
201.214
10000
160 385 136 275 121 247 247 341 124 143 451 126 152 252 823 158 96 279 96 494 162 74 109 509 192 261 207 128 201 523 418 293 317 190 209 171 251 208 214 407 287 207 402 210 54 76 258 127 273 218 304 159 219 333 232 273 164 248 252 140 154 181 170 425 136 157 119 94 276 329 290 143 167 239 434 342 215 139 75 140 213 317 402 270 174 156 158 130 180 195 181 167 146 179 156 38 400 75 215 125 405 145 188 255 224 240 251 84 138 376 659 267 131 278 433 235 135 204 83 178 254 152 136 373 174 113 216 129 99 256 55 304 166 182 47 75 237 271 139 86 104 389 371 70 173 97 258 347 448 50 178 206 233 395 154 263 264 402 242 491 179 325 100 93 140 230 146 219 355 180 262 207 49 328 176 136 262 97 102 147 204 161 312 378 203 185 102 249 215 204 533 119 188 182 240 216 152 138 174 26 222 168 207 122 314 294 105 144 272 526 128 181 287 164 227 303 225 248 352 255 384 172 137 393 250 47 246 311 302 379 372 222 226 183 316 258 104 328 99 70 146 50 75 106 161 384 396 219 467 198 177 502 323 70 183 179 450 108 138 262 85 111 106 234 241 154 150 403 419 188 268 418 411 598 97 289 315 78 337 204 216 257 626 165 295 183 313 263 176 250 705 200 251 213 98 171 99 235 129 145 273 409 195 379 87 62 394 141 121 328 200 119 428 152 291 278 235 591 305 429 713 276 180 264 212 96 126 79 94 167 668 123 106 174 381 89 212 163 203 399 135 465 171 160 190 341 209 703 352 61 117 625 348 134 356 388 197 233 434 219 63 249 325 76 105 84 316 242 324 252 352 246 80 573 319 141 370 124 278 128 188 424 268 115 215 154 364 274 224 468 220 124 349 367 130 74 241 488 455 124 188 230 138 545 228 266 292 248 203 109 451 310 343 102 451 242 144 470 199 350 325 375 531 374 401 142 164 258 330 56 81 314 75 382 166 79 286 296 445 456 144 469 291 66 352 264 68 311 621 134 221 711 522 58 127 344 116 209 257 258 128 248 296 192 159 318 115 120 172 193 430 153 212 209 327 140 202 134 269 86 256 554 318 78 138 208 272 148 171 497 324 217 110 211 272 302 170 140 243 75 
239.262
15000
199 166 134 361 409 256 135 151 343 244 49 380 292 123 165 227 366 256 226 238 203 456 315 223 763 189 321 305 288 249 402 298 249 74 390 136 479 310 552 201 413 168 253 171 176 279 203 385 257 324 177 103 245 217 408 504 216 78 418 127 219 119 381 80 89 300 228 355 343 68 187 192 376 410 516 131 287 282 179 214 380 111 125 138 181 378 148 92 90 196 166 220 281 191 118 244 786 318 150 201 268 234 132 162 271 285 212 85 163 334 260 231 320 90 880 198 175 60 209 232 477 44 712 284 460 106 326 91 165 194 149 340 99 234 337 118 179 156 275 140 198 230 198 148 261 186 95 244 652 302 226 274 217 412 251 263 206 186 399 144 54 205 150 154 249 128 325 320 219 176 110 103 190 403 162 154 216 190 122 208 462 266 483 181 227 172 221 81 231 419 213 532 327 215 178 232 406 191 144 140 86 472 260 133 90 283 88 347 132 396 360 153 318 234 171 205 408 351 351 111 91 452 330 528 417 117 376 38 119 94 244 189 392 307 371 121 219 121 141 429 266 168 361 196 53 124 247 762 141 94 136 264 307 196 255 519 63 163 146 277 38 272 56 197 197 86 149 299 211 283 213 353 179 352 263 40 329 286 113 259 567 202 222 231 372 27 732 83 397 555 201 448 194 141 136 219 427 347 163 97 217 154 205 197 72 254 263 185 181 274 554 202 317 451 544 113 334 320 164 239 182 111 389 144 305 252 150 82 403 274 295 847 101 232 632 124 159 118 250 856 190 340 168 326 184 226 384 254 221 235 207 253 337 473 204 266 132 206 205 78 298 325 402 184 196 264 357 284 178 210 275 648 293 255 183 82 39 280 59 240 145 893 450 300 240 131 189 190 165 405 199 211 189 325 293 390 197 500 344 43 510 182 150 246 69 300 529 56 208 109 110 313 190 124 332 327 90 194 115 126 245 143 558 349 595 367 275 348 120 183 283 569 355 289 116 188 537 449 394 594 98 427 237 194 263 188 194 404 100 304 78 616 58 142 656 195 418 275 216 268 130 190 179 46 134 433 386 201 212 137 274 282 442 139 414 240 556 395 136 295 223 422 104 340 317 277 216 390 357 128 134 445 95 284 290 342 432 284 91 164 
256.764
20000
154 73 139 796 166 216 337 204 204 441 226 286 181 193 593 384 129 287 313 439 333 260 316 680 315 42 140 334 320 103 315 318 244 263 336 157 337 255 428 535 378 665 302 97 438 411 316 636 244 247 185 347 190 213 420 135 78 251 403 573 145 119 406 402 173 401 250 161 315 163 413 384 118 502 342 128 239 295 285 382 93 891 652 415 645 163 266 196 76 224 277 334 120 325 202 140 472 104 70 217 331 507 403 409 162 254 437 100 203 380 257 294 270 146 614 212 190 221 137 179 277 173 155 253 347 242 310 420 296 167 377 76 39 111 231 213 492 182 368 494 292 597 53 266 175 445 42 554 459 30 230 463 313 178 174 403 186 146 204 166 221 470 582 231 22 108 614 168 122 200 292 284 278 174 385 251 121 508 152 143 113 454 528 371 365 33 105 179 162 237 228 300 427 408 118 267 270 118 171 39 234 57 100 371 99 93 167 317 130 378 350 303 211 245 462 446 321 379 159 309 480 387 583 597 365 406 181 484 121 345 477 256 274 189 636 229 222 111 283 91 440 109 398 171 102 100 247 153 217 197 385 189 119 44 398 766 578 242 409 147 176 290 242 284 317 474 601 237 296 351 157 470 554 569 307 457 186 204 149 124 610 435 399 276 96 70 255 430 250 366 570 791 117 329 676 430 132 157 121 47 263 304 168 364 387 205 330 170 287 409 338 162 274 49 440 285 112 309 94 497 609 96 142 338 376 206 312 450 300 356 196 164 143 244 289 271 148 154 128 97 90 110 100 211 99 118 236 250 473 141 221 505 371 359 292 754 315 303 69 210 189 220 227 154 619 172 168 482 236 149 395 411 492 777 387 50 290 89 123 210 299 349 271 194 294 109 548 453 310 379 576 322 192 277 177 217 153 289 172 254 220 271 154 802 197 61 368 187 415 375 540 424 75 121 455 366 221 303 184 198 289 359 420 367 304 240 393 211 403 259 596 262 194 283 400 301 101 134 429 148 120 226 215 480 276 606 468 240 150 135 436 499 99 224 71 485 577 391 364 233 88 79 227 448 102 123 81 231 340 167 163 155 327 267 87 166 294 260 123 182 130 291 273 186 555 81 86 231 154 258 154 406 120 329 210 391 283 129 82 121 
281.368
25000
508 438 167 920 327 466 408 375 146 269 368 254 308 287 818 429 418 85 307 268 886 305 847 843 426 222 310 76 418 308 418 350 107 461 175 253 420 172 371 304 119 401 44 513 312 432 97 516 373 166 282 567 221 217 310 1015 334 283 322 116 45 554 335 75 127 409 847 292 187 439 230 203 286 232 374 277 686 110 169 132 458 800 437 234 114 301 51 250 98 576 169 499 279 255 157 105 155 102 207 99 131 485 241 85 392 157 303 290 240 430 322 161 304 295 352 206 449 378 568 525 270 99 337 461 176 248 322 203 263 399 680 465 205 345 692 92 235 316 190 481 47 670 204 179 251 381 155 257 776 261 136 617 366 206 134 323 403 110 701 737 579 199 221 219 272 341 381 121 154 199 143 374 143 462 227 215 271 456 372 269 255 76 443 312 345 169 706 156 146 370 250 398 119 85 442 348 315 439 236 321 654 659 289 249 636 182 161 247 423 208 132 424 665 137 116 577 318 347 387 333 117 281 209 379 272 99 227 238 219 448 320 344 162 273 429 139 197 194 152 443 322 370 103 119 277 237 61 125 398 308 126 353 291 268 460 231 571 198 444 178 298 129 46 307 267 579 325 133 377 522 279 644 60 527 397 203 80 542 524 603 491 447 197 131 342 281 524 445 406 506 150 311 408 78 51 325 574 297 451 49 195 458 302 75 196 138 252 278 377 495 151 502 64 229 464 163 239 187 216 83 677 81 490 479 80 108 466 900 154 41 283 62 185 685 168 273 338 176 210 466 165 248 91 110 164 301 243 372 271 271 263 859 351 174 338 266 257 407 286 473 194 192 665 62 374 241 86 399 105 122 200 291 409 394 205 398 394 189 89 214 251 234 440 103 423 144 421 361 531 615 297 271 282 182 746 667 248 246 138 211 692 410 720 148 347 357 440 247 111 202 283 166 249 304 189 80 202 139 307 182 225 355 209 141 315 95 211 446 141 265 354 756 242 192 331 183 185 98 420 352 409 453 94 125 388 231 304 326 461 306 242 443 76 137 264 484 266 283 418 205 300 201 48 381 185 402 377 149 264 187 409 194 526 360 488 140 398 255 222 199 630 93 93 328 275 392 237 108 183 179 161 582 109 302 395 165 312 415 88 132 
305.842
30000
158 300 171 976 194 400 467 116 440 278 244 118 537 587 613 130 210 121 194 374 271 230 246 235 253 296 190 101 126 244 364 284 303 109 332 72 271 190 91 93 283 859 213 142 99 357 238 159 225 334 422 96 230 65 260 218 184 221 267 54 270 480 333 408 28 253 162 304 213 111 212 118 267 482 464 32 255 561 179 231 167 209 230 383 185 196 676 450 1033 171 397 145 295 565 240 255 548 191 93 126 233 548 354 203 399 393 448 378 792 276 645 93 302 316 94 117 180 275 399 128 320 199 186 507 466 132 217 588 333 216 586 510 253 231 232 177 336 281 158 183 450 568 361 206 461 101 393 711 223 134 279 807 177 251 482 476 243 386 516 172 381 232 211 273 303 679 106 325 271 610 348 156 313 479 571 217 242 311 240 471 381 217 409 498 371 136 103 192 788 450 322 334 60 543 478 200 317 150 278 108 221 263 114 571 328 218 186 344 344 321 223 790 370 157 517 213 309 485 369 301 502 46 282 193 646 266 214 275 221 251 525 482 158 318 308 330 467 448 612 459 116 553 538 560 239 511 280 217 497 218 398 358 436 164 332 158 197 346 452 577 184 187 362 154 163 280 493 32 190 222 490 138 92 345 80 155 419 516 344 140 312 872 359 262 256 125 601 88 327 334 486 648 107 272 289 192 212 103 84 485 214 156 155 670 255 285 314 458 511 391 517 346 251 417 362 726 186 190 130 491 279 394 380 309 290 658 406 408 301 144 351 530 188 197 194 256 565 469 219 428 186 370 249 255 135 206 233 305 640 266 234 1200 565 227 228 232 149 305 127 450 236 383 150 248 158 333 549 301 91 293 283 95 461 280 317 129 161 165 209 91 630 453 248 43 191 150 997 133 211 235 262 463 120 853 289 230 348 351 97 309 566 220 518 589 300 125 357 475 471 129 547 334 188 911 956 375 485 465 74 160 454 342 237 215 425 302 74 108 234 343 543 427 291 96 280 125 608 132 321 658 555 284 468 62 231 219 243 489 280 476 189 550 308 520 209 96 248 480 45 54 276 598 206 336 186 168 473 168 242 392 172 355 136 272 460 237 284 165 367 98 198 836 337 347 121 194 215 197 191 461 148 322 85 299 417 319 677 278 229 268 
314.834
35000
176 523 408 209 342 415 282 542 171 52 29 457 324 105 506 221 449 426 624 633 74 299 434 516 753 251 262 174 171 376 319 210 103 485 168 266 137 516 61 233 49 290 449 141 163 407 259 700 639 331 191 287 806 42 919 318 176 326 827 134 334 295 401 322 228 103 415 201 526 568 281 884 320 601 859 291 1071 261 179 672 263 203 290 279 575 528 117 116 326 365 148 231 301 270 154 186 722 508 892 99 396 429 178 645 511 433 439 205 786 431 580 157 243 234 73 269 466 174 171 136 534 264 277 240 773 347 491 374 198 276 282 910 173 302 203 473 291 343 383 575 34 313 933 269 240 169 173 273 692 331 385 707 450 153 489 607 116 269 566 479 243 555 191 201 237 173 219 639 552 277 473 160 234 555 505 125 205 149 154 125 394 610 209 351 330 252 496 353 649 568 376 296 220 211 230 261 375 482 179 314 637 276 467 263 432 410 295 370 117 127 573 163 163 91 197 287 694 165 392 180 332 272 478 353 86 332 144 216 229 202 434 473 214 395 660 309 404 509 378 267 384 296 634 524 144 435 339 331 178 370 178 338 445 390 350 312 554 292 89 177 168 199 368 409 366 486 351 780 208 202 264 91 468 336 138 171 210 279 344 143 366 478 455 534 254 274 438 236 658 501 354 428 440 94 335 250 556 245 775 202 788 585 265 234 255 109 368 113 210 174 444 194 244 107 699 270 206 162 307 170 209 374 279 904 658 151 522 141 473 423 472 453 224 355 472 142 149 111 358 551 155 421 451 473 209 492 157 681 72 104 389 339 346 141 134 174 203 447 315 122 146 327 264 207 81 38 429 239 301 463 85 558 227 168 367 401 460 199 480 340 596 609 332 244 215 177 527 291 135 563 270 708 54 387 248 140 178 709 351 383 563 126 99 803 177 201 123 156 527 346 235 312 426 84 681 331 393 187 290 195 422 441 395 344 234 110 285 223 43 607 332 422 126 499 469 117 448 279 490 362 163 233 421 123 68 376 394 396 336 112 398 320 262 782 108 564 361 42 563 400 24 387 260 57 160 91 63 365 256 227 272 294 104 214 333 109 180 90 132 269 352 304 346 109 261 302 150 346 165 260 364 144 258 210 212 325 845 292 323 285 
331.388
40000
118 178 473 381 326 320 626 386 355 342 398 331 201 501 656 202 323 400 542 304 473 332 550 508 369 298 556 650 267 786 304 194 87 302 401 472 123 414 177 49 347 501 180 250 252 560 253 245 160 430 663 143 239 401 442 531 144 201 187 514 287 466 273 189 379 533 257 419 580 358 225 164 201 401 637 306 235 335 245 214 628 470 461 122 456 740 173 376 217 195 259 456 302 105 224 231 171 770 256 329 71 505 709 322 389 139 321 79 326 281 375 192 485 256 662 206 268 244 136 296 755 183 214 430 210 215 547 413 520 195 546 281 120 888 592 317 101 140 537 383 173 333 305 215 288 204 322 378 103 163 225 486 407 197 201 622 686 135 309 286 125 68 397 531 342 418 466 146 243 242 416 343 412 264 260 108 608 109 209 380 188 279 262 438 333 435 334 842 473 309 143 405 216 555 284 91 670 187 421 425 516 212 189 174 371 392 54 228 463 427 162 511 327 300 911 377 503 468 310 317 253 265 528 549 234 266 471 1000 342 616 224 709 169 388 371 174 263 109 312 236 353 177 459 111 214 452 245 95 499 276 289 225 242 60 400 424 413 28 224 150 50 462 262 432 388 180 144 313 408 233 277 147 242 208 1226 93 349 374 360 263 209 357 262 478 149 317 679 393 371 161 352 904 62 275 77 114 234 190 109 79 577 353 329 198 195 246 158 392 372 484 355 543 72 747 85 291 143 389 154 291 434 447 151 895 497 432 233 354 727 291 262 638 79 572 285 442 491 330 558 183 508 478 621 77 198 364 185 174 274 168 445 511 193 360 400 397 497 448 209 124 282 299 411 571 57 526 365 355 233 62 448 358 605 117 286 183 395 524 724 247 505 394 634 335 190 234 380 372 702 972 188 305 397 468 556 295 767 869 450 182 136 368 385 354 184 165 256 190 404 608 655 281 373 90 454 215 365 168 133 632 734 165 400 377 369 332 388 183 431 445 421 160 267 81 385 357 192 318 220 316 154 80 319 386 115 222 521 564 249 126 208 464 599 411 178 335 246 442 210 264 219 128 529 370 179 473 189 221 869 256 403 119 361 212 647 100 401 156 386 335 458 503 440 252 218 229 406 93 386 312 380 243 556 192 288 374 254 401 264 320 
340.316
45000
265 323 424 444 162 325 626 439 513 96 290 348 217 887 415 289 332 551 729 274 404 298 422 704 781 472 485 73 223 488 620 308 716 129 398 265 266 524 161 712 295 105 385 276 187 971 725 132 372 189 381 111 284 162 299 333 432 338 161 366 254 371 713 426 566 213 530 208 572 130 121 361 194 555 221 171 168 187 25 161 488 569 911 209 536 132 210 549 190 545 201 166 218 558 57 91 163 918 223 63 537 252 397 153 170 316 273 412 362 600 292 37 258 767 922 238 98 310 132 117 555 277 130 957 594 96 441 411 739 91 601 198 305 101 347 156 54 193 293 167 64 684 59 397 226 812 476 172 288 204 313 259 366 290 549 144 293 443 343 298 58 131 460 196 143 192 276 474 354 333 384 118 69 162 530 401 235 400 592 473 315 828 508 504 215 347 349 214 324 583 311 285 279 65 481 273 462 889 273 489 411 258 123 334 143 310 595 313 248 798 305 260 250 490 208 596 592 269 324 543 420 125 325 565 1172 166 144 297 715 482 467 385 274 745 453 107 527 376 269 418 125 178 1056 299 233 257 286 405 294 265 236 771 517 215 355 76 487 169 217 482 401 93 414 192 202 365 446 547 521 416 670 257 102 491 283 150 585 262 384 723 580 452 335 505 267 43 379 595 828 168 466 373 575 175 181 549 309 104 433 386 237 143 107 375 523 241 161 225 230 144 426 448 245 260 590 297 165 140 230 180 198 112 396 643 676 385 276 479 201 661 386 391 153 420 292 345 198 369 326 652 204 322 160 219 90 162 619 121 517 219 466 165 52 281 189 360 476 170 831 173 213 156 301 296 245 406 125 188 305 177 80 674 522 675 565 207 648 141 372 140 634 813 329 250 220 313 350 445 116 463 412 406 306 61 825 608 116 441 190 286 147 563 651 343 369 433 405 255 308 902 745 530 222 229 545 111 446 347 459 601 519 113 715 267 222 449 201 234 108 621 130 206 503 339 589 433 594 827 79 378 246 183 384 301 225 439 381 881 403 119 449 567 672 668 321 669 265 232 248 203 299 162 482 247 228 136 361 845 343 175 324 322 153 610 509 354 279 499 700 225 745 694 297 363 638 127 673 231 1075 297 363 25 216 274 100 843 339 557 193 83 
360.208
50000
370 73 489 448 30 241 101 437 233 484 365 565 305 84 609 441 327 599 335 499 294 330 120 437 256 467 760 541 258 295 498 98 309 589 264 144 531 184 261 279 713 169 623 338 647 169 83 383 728 650 515 311 419 186 391 179 253 269 315 450 343 532 605 104 172 453 166 117 235 600 381 292 763 185 461 549 332 327 229 304 354 85 76 146 692 170 368 244 218 417 510 961 111 219 417 127 529 253 165 176 374 153 458 387 240 433 402 193 393 550 199 421 238 639 569 665 359 548 396 282 308 197 250 143 306 304 337 240 314 402 194 282 164 447 151 285 144 309 392 305 505 641 403 186 338 407 516 979 110 333 287 351 72 345 909 168 439 518 351 238 250 371 319 120 385 558 207 274 245 154 220 414 225 97 656 76 272 179 87 255 54 513 216 421 173 236 201 138 158 143 252 303 372 533 216 372 452 494 129 272 245 402 88 449 270 171 783 255 337 183 807 292 148 200 181 544 191 304 151 456 351 229 519 28 484 466 298 207 406 436 371 229 273 304 364 131 623 148 238 566 244 352 144 235 172 533 211 104 438 68 289 207 495 437 243 454 262 420 936 334 123 210 312 526 299 28 350 847 477 560 319 217 168 314 121 109 691 266 137 318 688 126 88 280 346 133 410 440 600 250 391 338 217 149 369 513 158 574 211 222 301 1098 302 71 86 666 578 117 597 688 258 438 688 118 397 129 317 297 198 368 354 399 299 405 441 133 384 309 1200 332 190 119 287 528 281 309 375 741 281 625 412 417 169 528 116 102 232 702 307 287 429 589 594 801 525 254 497 320 217 512 180 203 265 287 185 118 743 207 826 361 386 218 271 99 111 187 471 508 172 388 652 381 280 227 328 173 240 376 1060 737 740 306 458 431 162 268 619 417 643 369 165 211 187 447 422 197 325 464 283 1142 140 438 365 150 382 189 213 141 237 160 533 172 342 436 701 332 886 409 446 430 208 353 224 484 221 173 89 147 197 82 243 542 252 456 116 607 229 462 412 236 356 123 227 170 432 476 471 219 391 458 112 534 281 385 364 90 232 224 253 560 123 194 468 841 257 32 501 513 111 80 296 241 832 377 229 165 406 451 650 514 553 397 308 318 1005 290 436 584 62 166 
346.828
55000
216 991 107 346 423 344 730 335 110 643 240 152 346 330 233 487 180 215 203 950 528 38 346 553 68 245 121 241 705 586 646 983 233 757 755 708 712 118 209 369 124 320 538 589 183 266 251 665 130 196 397 254 446 112 642 431 312 257 457 203 300 261 248 424 285 198 154 284 499 231 325 213 232 573 388 76 503 188 387 33 461 570 233 86 644 156 668 807 147 194 286 478 276 389 587 705 468 338 235 122 203 366 447 386 146 194 236 344 269 372 366 231 97 429 171 316 299 519 233 192 456 450 332 408 148 167 71 376 431 455 371 532 103 255 40 207 345 283 419 647 398 289 359 173 342 348 239 490 395 66 319 428 226 164 217 647 283 246 467 84 493 497 157 136 247 337 384 259 295 227 552 59 331 310 421 84 621 262 93 260 107 165 130 106 195 76 157 179 338 464 202 359 490 386 700 158 527 203 197 277 532 202 289 200 553 214 352 469 506 414 384 356 113 664 833 294 230 518 507 167 424 151 138 485 380 185 305 109 369 53 698 76 292 152 292 248 123 87 877 702 530 166 519 228 160 81 133 302 278 295 187 191 363 46 369 452 437 241 139 738 290 71 108 384 385 191 342 442 254 710 404 445 207 445 404 167 251 238 110 477 283 133 338 136 159 267 322 489 346 624 218 823 176 142 513 179 127 453 516 155 396 138 321 704 33 880 207 413 387 166 760 503 718 291 431 184 230 315 275 167 562 185 237 412 742 636 680 56 629 494 749 358 273 430 533 222 315 175 542 404 574 423 172 455 131 315 578 280 458 341 763 238 112 248 307 306 925 411 372 86 148 237 314 470 78 712 461 151 173 981 234 801 487 265 265 93 417 755 120 453 276 119 388 138 322 384 480 277 802 252 200 551 405 250 384 221 544 121 264 279 477 717 85 712 137 414 367 420 57 216 377 231 69 894 427 334 399 384 279 300 191 281 33 726 451 131 252 498 126 61 249 185 502 245 457 273 868 178 281 211 402 102 407 444 383 245 127 126 227 409 427 691 403 517 244 230 288 118 85 152 313 145 355 115 365 446 563 218 556 139 454 295 395 572 398 197 265 174 336 143 156 471 303 41 75 42 166 193 589 560 407 291 232 488 183 202 490 263 442 236 
338.196
60000
198 293 120 986 322 271 258 181 386 333 1234 375 375 126 348 321 257 244 207 500 193 323 185 525 373 85 619 212 187 123 316 419 368 287 464 154 200 155 239 201 354 88 229 350 250 85 712 448 342 272 46 574 93 579 56 212 345 85 705 24 153 243 512 146 329 600 120 627 462 388 270 846 169 508 529 227 786 256 113 264 653 107 462 415 236 250 215 635 952 757 782 524 185 662 74 502 354 189 243 318 765 340 574 387 228 788 361 64 242 187 659 215 219 191 401 430 954 272 442 789 574 217 873 823 286 424 426 379 256 378 366 368 158 153 835 359 109 180 558 401 644 66 294 197 248 467 133 548 189 335 659 389 124 639 231 182 158 348 379 496 203 365 102 382 118 287 478 314 226 317 377 797 182 304 359 162 425 145 153 99 265 116 116 32 317 204 186 508 134 219 445 200 268 382 810 170 492 94 465 383 105 331 424 443 366 400 415 212 136 816 460 508 433 219 484 218 253 233 190 268 191 313 355 662 625 201 109 191 240 751 280 775 149 662 81 182 461 122 403 321 128 1302 267 256 353 305 395 929 478 502 310 280 1028 674 364 358 492 427 602 319 415 724 232 182 557 238 58 160 266 602 167 295 471 731 205 218 297 303 134 346 122 382 421 285 229 259 378 284 185 179 281 187 172 388 221 318 574 468 312 124 893 164 309 415 370 221 481 329 69 73 228 356 354 598 67 292 298 398 386 510 540 472 122 474 140 116 64 303 492 222 606 442 188 183 155 257 862 362 534 698 225 244 953 221 285 448 243 423 713 201 262 701 115 137 243 167 439 98 325 304 405 421 690 539 727 695 103 308 319 412 484 622 571 331 1082 401 497 279 119 88 293 894 689 413 238 197 280 67 233 681 76 390 444 358 597 464 196 1073 266 195 269 155 790 598 364 246 848 312 333 213 382 395 388 307 701 575 516 250 345 720 72 600 418 151 570 848 171 338 260 904 33 203 632 244 81 113 210 99 182 515 282 708 566 215 246 871 391 288 285 132 310 487 242 340 328 755 454 475 323 204 179 334 304 665 792 295 276 254 275 254 90 65 197 105 298 368 414 282 139 221 421 380 594 551 137 171 610 886 805 136 628 93 532 376 335 159 426 176 458 296 
362.234
65000
609 149 560 593 415 268 561 571 252 664 1103 441 480 376 313 466 96 604 414 850 548 232 805 329 389 349 93 404 403 407 411 770 444 65 126 131 296 584 577 918 282 671 553 55 199 581 446 832 832 630 482 623 459 240 784 517 474 662 415 178 154 391 429 598 233 242 373 407 322 527 588 452 216 262 191 175 408 597 368 654 719 182 383 755 322 295 983 495 73 486 387 378 151 703 484 268 841 304 248 151 344 563 90 450 261 133 307 419 123 496 406 481 874 71 514 482 153 557 531 472 281 510 112 253 716 138 702 485 78 343 327 262 301 186 261 200 130 93 187 482 417 68 310 115 581 372 522 379 746 297 437 836 263 97 290 258 216 81 265 566 417 74 139 416 266 494 292 124 300 519 533 235 222 884 395 217 148 270 357 62 93 474 244 185 120 233 279 483 352 120 410 207 36 66 500 216 158 71 594 58 630 432 62 178 382 69 535 196 226 617 292 789 129 363 526 127 179 200 279 202 866 186 359 188 231 140 98 177 557 151 166 278 414 616 211 187 558 268 435 469 26 576 540 253 234 185 81 149 317 255 357 289 406 550 980 376 281 101 500 244 165 143 600 389 311 323 143 296 361 154 357 371 73 486 189 189 421 344 407 550 545 284 500 801 257 458 486 315 314 661 175 405 585 525 241 464 581 298 421 503 244 548 383 526 1023 635 337 115 466 377 348 155 411 150 294 522 320 517 171 308 638 243 372 221 339 153 205 440 220 251 374 1068 170 174 430 471 584 52 42 521 165 513 532 426 184 547 268 303 605 206 349 436 804 649 265 250 270 91 252 431 174 242 525 443 280 62 319 186 111 477 315 448 565 869 440 200 234 570 449 227 644 429 377 303 346 384 399 262 614 1141 124 308 134 269 289 209 404 188 489 365 493 351 471 600 529 295 325 285 348 317 257 144 294 150 519 210 261 471 374 185 212 265 278 358 666 339 402 381 342 187 529 321 478 467 485 437 656 296 603 486 113 936 857 435 425 664 227 417 169 150 247 255 138 444 610 633 456 888 254 423 314 324 79 394 539 582 23 755 710 309 146 254 242 488 323 149 738 162 113 166 450 214 83 121 46 85 277 278 563 328 273 785 177 485 305 364 429 308 44 307 
369.612
70000
192 71 517 478 297 300 207 130 71 968 538 603 498 214 937 576 351 159 156 263 592 475 335 710 84 145 235 345 283 381 294 443 369 525 419 157 339 769 683 206 217 505 395 110 456 513 515 400 637 176 409 1091 374 730 139 422 356 516 454 359 202 292 390 369 99 495 260 232 592 453 57 147 183 710 1199 376 283 289 435 546 390 417 928 343 397 167 399 355 680 231 262 657 177 435 208 45 329 152 399 163 381 117 130 697 50 261 394 150 443 870 696 429 558 89 426 558 261 322 141 356 402 151 175 322 352 786 246 356 563 305 471 1013 510 427 317 370 533 330 285 739 280 86 836 319 251 499 274 750 514 649 298 357 293 403 273 818 387 444 279 360 120 346 75 271 589 117 360 611 506 166 311 200 203 524 62 293 365 213 302 163 603 329 459 207 114 251 427 369 109 264 244 619 367 187 110 229 105 326 113 385 443 617 937 567 174 541 170 850 240 601 498 195 427 122 292 896 505 548 735 393 435 202 393 401 1001 279 334 381 168 489 719 195 493 136 207 218 309 100 356 190 325 493 780 224 274 402 464 465 426 271 377 516 160 512 419 584 511 210 711 505 200 241 207 373 184 572 243 601 397 799 216 388 22 385 380 427 622 375 299 285 197 395 587 169 325 642 351 453 355 171 155 562 422 427 594 346 287 392 244 186 365 870 332 660 102 570 653 318 308 118 358 291 811 279 702 160 383 497 373 563 101 247 661 293 563 817 463 153 397 488 326 439 435 592 950 206 498 192 91 493 290 145 418 455 437 1095 387 178 677 425 522 164 318 366 336 512 306 328 608 252 439 414 336 195 655 593 64 788 908 212 409 261 447 316 160 167 732 202 315 231 430 349 570 322 284 381 222 90 389 576 330 469 171 58 744 538 800 402 443 78 233 244 143 422 526 116 303 285 125 190 566 161 400 33 710 123 382 190 124 331 223 475 158 886 488 364 419 388 689 260 166 751 331 271 582 536 151 223 410 386 693 264 259 556 455 160 212 263 568 159 136 241 214 364 60 357 72 324 273 168 236 446 149 260 191 177 488 170 220 626 229 606 291 744 503 55 284 304 99 65 186 111 362 282 265 190 652 119 377 262 519 249 206 422 180 245 203 536 131 231 
373.84
75000
593 677 398 242 158 478 535 450 141 877 190 309 198 407 90 411 613 473 291 245 545 232 253 585 138 167 117 142 369 267 1013 621 553 422 253 251 462 232 183 514 115 320 775 214 398 309 148 381 572 155 467 314 967 510 202 788 412 578 390 213 172 620 70 695 671 50 148 541 448 465 378 627 353 483 580 192 634 350 580 257 385 356 268 170 436 349 165 153 854 207 553 457 380 445 986 416 128 349 289 76 94 550 391 307 69 488 363 194 277 111 573 851 139 340 315 513 240 292 192 371 162 125 1133 152 672 559 221 282 667 282 64 95 314 327 732 216 596 169 972 656 439 455 125 589 400 68 312 278 321 139 181 454 362 225 346 1303 267 262 85 538 219 111 255 346 166 378 135 417 786 60 531 299 174 402 595 137 167 180 66 702 105 433 765 884 72 155 386 279 148 250 283 203 242 136 410 419 710 183 352 73 290 269 287 232 451 178 413 193 275 366 201 273 478 293 360 119 647 64 402 89 374 83 444 888 431 314 403 475 318 114 264 145 67 582 607 285 135 401 177 372 725 747 185 412 501 315 124 217 380 55 495 493 169 53 445 487 282 149 215 360 570 938 210 228 192 352 64 799 167 336 630 161 168 241 1156 117 213 106 229 415 344 233 583 196 340 107 577 592 294 712 569 225 355 161 296 244 421 503 361 70 257 841 269 254 73 510 222 400 287 446 302 130 99 112 235 176 183 629 212 134 609 276 952 607 72 366 678 231 475 261 204 148 587 573 209 284 458 165 221 309 215 497 830 403 206 233 426 719 1003 458 170 433 221 75 374 227 553 384 421 450 110 375 474 633 118 176 270 435 365 234 381 154 124 371 696 176 661 530 312 361 481 476 59 253 315 690 624 407 925 655 117 176 601 354 482 147 442 935 225 72 275 1050 263 1313 637 189 326 350 522 765 404 211 354 186 779 269 291 191 177 245 143 327 658 803 348 204 437 154 389 410 191 275 176 218 102 201 107 384 177 108 311 231 95 58 262 217 278 459 809 221 403 593 511 576 188 505 520 446 397 645 110 239 539 117 517 127 303 355 402 297 251 357 541 778 320 858 312 162 181 242 193 265 120 96 343 168 195 316 292 104 234 491 199 455 781 334 703 468 225 391 
361.584
80000
292 385 313 350 274 403 384 378 499 316 317 120 228 885 380 555 363 226 219 290 757 418 797 182 385 599 226 405 119 270 245 436 411 375 650 344 475 456 481 88 265 297 196 507 224 396 471 989 484 143 838 161 255 870 167 314 132 122 136 221 502 467 270 351 128 148 456 115 219 523 288 468 202 256 248 142 348 873 411 293 566 207 261 725 163 165 684 383 486 339 82 539 288 464 372 375 234 193 434 172 923 420 325 660 329 390 822 141 371 330 200 330 1061 725 480 304 258 487 451 887 573 111 635 299 441 233 269 315 546 262 435 234 434 427 267 323 179 685 224 307 146 374 1003 164 121 260 152 777 98 444 665 638 155 250 477 660 1156 323 448 143 532 228 276 159 249 289 413 1030 381 406 251 438 147 410 174 212 582 225 170 208 359 515 290 99 459 126 577 304 625 348 554 377 335 151 353 373 551 422 146 239 385 304 690 323 217 453 123 274 429 529 1048 641 528 251 625 242 419 64 100 295 320 476 788 538 676 313 376 187 142 412 510 504 116 332 408 146 202 62 370 491 204 451 371 61 290 224 356 477 499 683 238 568 361 187 396 358 281 330 176 232 361 551 137 233 329 317 349 151 380 116 243 580 556 566 780 214 432 157 342 272 155 281 479 518 208 370 549 706 471 525 301 145 277 406 274 492 334 657 546 382 363 725 61 725 342 350 220 400 746 494 372 317 443 353 229 515 225 412 677 954 206 592 468 757 235 693 693 982 564 478 79 578 1024 537 144 692 314 352 129 126 408 226 736 495 190 574 325 573 586 582 635 404 873 199 199 331 207 345 207 214 172 302 585 124 458 310 346 262 577 278 307 693 380 398 96 632 449 59 335 320 302 296 227 165 174 292 503 265 575 302 903 542 397 386 462 427 197 175 130 571 492 235 919 614 585 429 250 285 171 449 388 469 270 195 243 560 94 121 146 236 639 482 408 379 284 424 222 363 846 409 382 343 401 254 391 355 362 210 469 755 516 795 220 605 416 130 631 330 434 569 162 260 571 765 501 530 508 406 267 45 238 188 241 418 86 167 372 567 208 532 199 318 370 293 441 285 202 214 357 263 476 472 339 300 668 508 434 224 118 327 245 545 759 175 353 427 271 171 516 295 
384.138
85000
743 287 278 579 107 361 279 553 543 103 405 468 186 158 618 188 435 358 881 729 447 106 568 860 522 443 383 309 241 636 415 1243 861 279 619 235 245 456 430 525 198 241 173 433 99 320 238 511 64 131 378 447 489 364 375 573 302 207 709 148 248 264 439 124 171 276 459 446 325 371 377 653 435 764 87 298 227 199 272 153 517 489 440 289 651 190 247 399 680 226 487 653 394 497 323 221 220 95 707 612 464 599 115 399 382 125 232 280 106 971 423 468 156 330 429 522 634 125 343 200 438 316 312 678 517 108 534 373 142 80 366 353 58 405 408 53 263 278 410 559 298 166 406 375 63 579 391 633 139 267 289 1050 149 536 428 553 517 377 550 457 68 67 618 157 249 215 513 209 196 377 298 381 205 313 161 423 278 283 375 598 198 180 650 295 331 158 320 408 970 103 651 287 182 359 373 473 87 600 416 484 224 225 60 469 237 103 433 776 186 1030 137 254 470 695 238 444 788 911 527 559 102 217 467 776 564 547 231 352 189 609 268 243 178 216 477 270 281 72 235 521 270 677 1024 312 132 592 283 422 475 297 763 340 583 485 469 215 161 198 205 471 82 587 592 439 868 184 669 676 650 252 274 604 137 180 303 742 673 181 382 176 954 359 1155 585 454 348 641 495 1010 623 425 175 299 502 193 389 205 105 591 336 298 568 284 258 412 174 130 279 211 537 391 329 119 201 329 250 123 238 370 438 73 118 751 335 170 46 141 452 235 173 552 985 637 384 455 190 287 379 103 104 649 211 579 233 194 496 626 466 380 291 239 841 180 67 416 1343 360 197 311 486 286 199 427 210 55 483 121 318 739 378 368 567 449 197 383 55 217 472 248 442 221 335 333 239 192 317 239 434 227 793 436 183 280 155 518 374 587 370 268 160 99 315 345 367 95 169 140 480 484 497 337 301 177 381 689 881 160 154 327 679 293 216 234 209 573 255 111 304 206 580 124 480 478 348 316 282 576 46 81 139 180 693 669 573 408 228 624 476 127 279 451 187 601 714 86 266 166 600 354 223 492 194 200 342 438 101 306 125 278 191 121 1286 176 297 605 356 163 236 238 240 569 303 524 184 259 119 248 275 567 113 209 303 52 273 86 552 372 135 334 273 
369.72
90000
267 720 171 799 228 365 149 232 227 266 1373 91 142 38 287 298 257 218 116 633 472 177 503 630 695 580 268 309 226 155 336 301 190 678 326 528 165 451 109 125 342 383 353 373 398 532 92 200 534 224 576 391 222 313 475 371 415 45 192 754 272 367 98 373 526 470 385 187 228 197 328 515 447 524 237 449 659 644 170 176 248 1201 589 318 534 133 581 530 1020 632 139 823 183 759 173 599 324 138 1181 147 1025 608 240 289 103 482 258 233 972 517 313 256 403 361 253 483 418 350 493 126 560 509 434 499 205 620 141 176 292 259 399 1080 677 269 233 369 400 268 404 252 345 241 78 304 207 481 362 474 437 103 375 425 393 149 459 547 711 259 424 89 328 445 501 208 175 657 84 386 460 572 301 272 509 542 308 389 166 329 170 196 773 192 349 343 88 34 507 356 635 553 403 202 477 326 693 408 570 1099 619 498 246 136 401 540 107 30 452 1205 95 152 606 83 254 225 155 149 259 296 634 384 443 485 697 313 333 356 105 423 176 804 276 418 878 108 463 593 322 383 613 380 407 373 449 337 526 285 557 562 562 288 1129 1095 909 108 183 596 862 510 611 575 208 255 185 325 119 301 752 158 1286 684 296 410 316 598 141 469 544 568 238 312 379 1292 224 541 250 47 626 453 884 1029 280 605 154 423 501 521 259 381 225 161 230 244 483 377 618 388 174 564 487 358 753 544 464 183 913 550 150 293 316 255 593 152 469 631 745 146 639 462 529 720 276 1318 560 689 573 633 635 319 816 811 295 112 512 467 610 456 164 733 478 721 291 397 254 84 32 194 513 658 763 598 284 251 348 85 59 530 374 467 642 485 356 472 330 948 514 349 353 249 174 134 575 842 454 601 451 129 241 40 488 596 346 296 179 886 338 146 609 418 303 175 270 478 759 422 295 512 80 175 567 511 447 664 484 560 83 661 60 495 351 256 430 314 407 450 381 511 369 128 489 244 489 195 317 438 126 184 272 810 687 232 253 1489 301 310 429 96 372 328 863 246 218 556 332 287 256 628 278 374 756 472 179 171 417 508 566 279 472 794 544 206 527 414 305 371 280 217 579 350 355 78 159 368 364 694 257 289 335 265 175 260 515 396 132 470 328 559 526 222 441 251 
408.562
95000
341 369 118 191 497 519 255 255 267 408 905 686 668 233 287 789 581 493 179 713 429 196 495 164 324 628 594 406 458 576 77 407 254 233 214 211 735 508 225 213 732 628 774 261 407 122 196 673 338 659 182 902 328 304 657 399 657 485 279 643 187 226 862 365 596 508 79 156 277 177 265 228 466 499 201 466 276 296 130 223 193 386 658 1208 217 104 158 411 787 1077 207 403 199 429 177 600 343 404 203 244 202 579 234 326 332 401 326 255 542 543 587 60 132 290 171 197 140 342 120 1218 651 783 823 750 289 157 483 261 101 377 151 239 184 284 741 757 533 510 205 202 546 405 441 447 746 270 324 492 502 294 312 312 879 239 793 369 331 527 245 92 250 621 1098 256 385 242 402 306 205 143 413 283 195 644 163 380 586 406 327 228 690 808 1022 167 113 460 388 438 399 459 314 168 228 688 405 639 152 870 355 102 220 643 475 451 168 870 314 572 709 878 503 176 729 206 538 417 856 225 330 303 624 451 361 398 456 116 92 1037 295 266 557 667 199 487 105 232 634 282 356 380 73 245 65 483 482 734 279 312 586 298 240 804 737 442 243 450 198 257 1665 802 209 328 249 504 307 554 133 1116 599 418 196 678 141 834 413 769 385 221 668 406 358 338 326 183 128 584 498 344 511 617 288 644 683 461 253 358 365 474 198 523 111 524 689 899 354 637 581 340 514 471 941 415 169 200 378 240 566 215 268 429 513 287 297 245 770 287 198 297 640 191 932 566 132 646 84 401 95 889 310 293 563 795 697 625 403 289 333 306 744 263 236 689 167 502 513 394 169 712 243 614 306 456 459 512 476 221 132 270 360 595 222 211 448 243 85 203 247 442 320 482 445 75 240 351 687 80 700 490 201 84 317 370 351 416 117 242 221 395 200 462 407 221 261 651 1002 479 184 326 469 119 458 977 527 812 360 209 547 470 574 608 562 419 346 1004 313 459 646 80 1006 340 704 313 251 1286 736 775 574 270 447 257 544 280 321 165 422 430 458 948 557 777 55 311 164 214 1331 440 291 301 355 223 276 211 315 330 1154 454 77 566 540 659 345 229 109 626 338 117 875 457 392 237 922 270 738 918 330 668 537 637 707 290 985 460 458 646 423 428 306 188 110 118 
424.364
100000
432 581 304 526 452 272 362 285 283 681 709 390 324 681 191 426 200 197 143 626 239 432 409 587 82 91 831 331 235 408 434 473 257 397 479 779 303 617 384 179 912 387 328 484 745 291 118 695 417 515 296 313 440 296 65 670 509 141 601 731 228 347 381 363 359 379 253 499 350 428 100 717 477 935 483 422 583 162 413 288 221 449 413 135 199 271 508 240 311 316 446 332 38 45 53 447 205 309 607 434 1269 730 324 905 213 350 296 747 368 555 554 379 620 703 809 449 928 422 566 193 672 313 945 615 792 275 461 267 424 713 553 353 402 466 857 92 244 329 128 307 147 608 289 396 428 313 235 370 397 239 314 439 753 219 51 205 698 677 481 210 303 376 360 629 256 410 382 772 189 799 326 524 385 1011 139 299 384 224 356 423 337 487 253 76 526 405 379 508 591 344 261 1225 332 281 480 560 125 329 379 365 262 401 512 537 219 303 272 430 1008 174 654 197 643 409 803 194 531 192 245 368 261 438 406 193 460 564 386 195 310 295 242 321 110 72 97 120 489 227 261 352 391 521 245 767 306 720 635 350 302 530 283 281 499 278 339 288 609 127 687 155 230 216 237 448 96 573 365 479 707 155 112 585 330 135 468 455 352 318 205 260 644 405 417 232 613 401 511 193 359 980 126 456 247 747 130 210 573 252 81 358 349 564 907 263 307 376 632 255 510 564 193 206 550 576 542 188 370 78 335 298 166 402 278 265 401 356 254 185 293 466 1186 132 262 92 408 414 732 259 190 409 305 462 211 554 247 353 259 457 602 135 373 534 238 540 414 486 335 382 105 167 299 554 252 179 218 619 251 545 433 583 154 676 380 730 462 373 572 530 361 322 476 398 524 274 230 215 432 499 265 1043 258 202 458 226 320 379 1135 263 366 76 206 628 318 896 180 357 208 217 183 217 833 415 736 293 385 563 336 638 203 975 263 48 988 182 579 432 335 492 295 808 324 512 225 159 1062 80 389 345 207 494 319 415 158 269 274 323 92 899 860 279 309 774 918 47 498 720 452 175 246 209 138 147 614 457 207 661 465 410 506 155 506 517 381 429 223 247 158 443 223 126 290 735 193 185 103 514 1175 636 626 838 666 641 856 519 174 118 221 195 177 95 
402.404
