500
21 17 27 24 14 19 18 11 13 19 10 19 15 14 17 14 19 18 9 24 12 20 15 11 16 25 13 18 27 20 15 16 24 26 10 13 14 24 12 26 19 19 19 15 15 15 27 20 18 15 16 14 13 11 13 16 21 26 23 19 24 15 23 21 14 28 23 44 10 21 18 19 13 20 16 11 16 13 26 16 24 11 12 18 19 12 16 18 23 19 13 34 12 37 11 26 14 17 19 11 18 14 24 14 13 18 33 10 17 13 21 24 21 11 16 18 19 10 13 21 21 25 17 18 22 14 8 11 16 15 12 22 23 17 16 19 6 28 17 32 21 13 16 15 9 23 16 14 19 18 16 10 12 8 12 22 19 16 15 21 17 15 26 24 30 22 14 16 24 19 11 31 15 15 22 21 24 16 32 23 14 19 21 12 19 25 19 15 18 19 8 13 13 13 11 20 27 13 23 11 19 21 35 16 15 33 24 17 15 19 24 20 25 14 16 35 15 17 10 21 17 17 23 18 22 15 12 25 23 11 17 16 22 17 19 10 20 25 16 41 35 20 34 13 21 16 18 21 10 34 12 16 34 12 23 18 12 17 30 13 14 23 18 41 20 14 31 30 20 16 25 22 12 19 12 20 35 25 37 13 33 13 14 18 24 23 33 24 18 18 12 35 22 20 22 19 23 13 17 20 27 23 17 14 14 20 16 17 19 13 22 29 24 8 15 19 21 22 9 10 33 13 20 14 28 14 9 17 15 14 28 15 13 23 23 15 21 11 9 21 13 9 29 9 24 17 30 18 15 8 12 24 18 10 10 28 21 21 24 16 21 31 20 11 11 20 30 22 21 29 17 36 11 21 27 21 17 15 16 29 17 16 28 15 19 13 26 14 21 18 9 20 21 16 12 20 19 15 35 12 22 20 17 21 18 19 23 11 10 11 17 9 18 10 23 14 15 14 13 25 33 23 14 16 14 36 21 17 26 38 16 19 25 21 40 18 21 30 14 26 26 12 17 12 17 19 17 11 24 25 14 12 21 26 22 29 25 32 29 23 14 21 19 17 28 17 14 13 14 17 17 18 19 16 29 24 15 13 17 22 22 18 26 20 23 20 14 14 11 18 21 31 12 18 14 11 20 12 15 14 
18.896
5000
27 32 23 21 26 21 15 23 19 31 20 26 20 15 29 28 22 33 22 25 24 30 18 15 24 23 16 22 31 24 25 13 29 27 38 31 26 31 22 15 25 30 37 36 18 18 25 23 29 30 19 19 27 17 22 19 25 47 28 26 22 21 11 38 39 29 34 27 34 26 23 23 24 42 32 42 31 20 21 15 23 22 30 23 36 21 16 28 24 20 16 32 12 20 22 22 29 10 17 28 20 23 23 20 20 16 49 23 24 23 17 16 32 11 21 31 18 26 8 15 19 30 34 28 33 19 34 23 16 15 17 18 29 17 33 35 19 20 37 19 13 13 21 17 24 30 41 23 29 13 25 27 10 13 41 19 21 17 30 16 23 27 41 13 12 21 32 22 16 23 21 38 20 16 28 19 21 31 18 34 23 12 19 23 25 13 21 26 43 23 35 25 19 35 39 16 26 25 16 41 38 19 30 21 16 21 22 15 15 24 55 31 14 31 21 22 19 19 26 19 18 19 17 21 33 12 22 32 32 27 32 19 27 23 16 14 27 48 17 18 17 24 35 14 12 26 33 18 36 28 19 20 8 24 28 33 23 26 20 32 23 16 18 25 19 25 30 30 10 26 31 26 29 35 30 32 21 29 32 20 19 17 26 22 27 19 25 27 23 22 22 23 29 21 25 19 30 14 38 17 18 18 34 28 26 28 20 34 19 17 26 21 19 21 17 22 30 31 16 35 22 21 22 23 14 31 22 15 25 13 18 24 40 34 30 19 15 28 22 22 15 17 19 20 15 20 17 15 23 25 15 22 27 20 16 49 26 14 19 43 27 17 25 14 19 27 15 18 45 37 23 27 18 28 23 22 23 21 31 15 17 14 15 19 16 18 30 23 29 32 22 17 27 33 13 22 28 35 20 20 43 22 16 27 33 26 17 25 23 14 34 20 31 23 35 20 30 25 25 14 39 27 20 24 18 32 20 22 34 40 16 52 25 16 30 26 18 14 20 20 22 26 30 27 25 27 18 24 21 20 24 32 40 15 28 37 21 30 15 34 23 31 22 34 31 20 20 25 34 16 22 29 23 27 27 25 16 23 17 21 25 23 23 35 19 31 35 20 25 26 20 33 18 21 23 24 24 28 26 33 
24.148
10000
30 22 27 20 33 36 22 30 30 24 22 27 26 15 23 22 33 32 13 20 23 22 19 19 19 31 29 18 23 25 32 33 20 38 32 20 21 16 22 25 21 34 30 27 35 28 36 29 17 26 40 33 30 24 20 20 36 21 27 39 16 27 26 37 27 35 24 20 29 39 24 16 31 31 57 16 27 32 27 21 32 32 27 34 19 40 25 29 25 21 29 22 36 25 28 31 56 28 16 46 33 20 23 27 34 48 21 12 28 29 24 19 29 17 20 22 23 20 27 18 20 18 17 26 36 18 18 19 11 25 28 22 20 36 27 24 17 29 22 24 27 26 19 33 26 19 25 17 23 24 25 21 19 30 42 31 48 30 27 19 25 30 22 45 21 12 19 39 30 16 21 20 17 20 31 16 32 30 21 30 38 18 15 26 17 26 22 22 28 21 21 26 38 41 29 21 24 23 16 25 21 29 30 22 37 24 44 21 28 23 28 25 18 30 24 25 27 28 30 26 16 16 19 26 30 21 29 30 37 17 28 23 15 19 15 28 19 22 28 28 26 23 40 21 35 38 19 52 30 16 28 50 28 21 23 26 31 41 16 23 30 34 24 32 25 32 41 23 25 28 27 25 33 39 27 22 32 17 35 22 25 20 19 19 18 24 26 48 30 28 28 23 18 23 18 29 29 40 24 36 21 32 31 29 42 20 29 25 19 17 21 18 28 37 21 28 47 31 16 34 22 48 19 19 27 18 32 16 34 15 38 36 36 29 18 22 18 18 33 19 19 32 26 29 30 28 38 24 21 32 23 21 32 22 21 27 38 31 49 37 32 25 43 25 16 30 23 53 25 23 16 35 26 28 28 43 24 21 19 41 20 21 22 23 40 15 24 32 37 23 36 23 26 25 22 41 22 20 31 35 28 26 51 37 43 30 43 26 28 25 43 20 30 24 38 29 33 30 30 25 30 34 17 33 26 47 13 20 17 26 28 46 23 36 25 30 45 24 25 34 16 44 38 17 33 49 32 20 26 24 23 20 27 22 23 17 32 36 22 18 21 29 20 20 29 30 25 29 33 19 35 19 25 47 30 18 30 42 24 35 30 23 26 39 39 28 30 22 34 20 13 20 22 29 25 21 19 35 21 42 
27.018
15000
31 25 26 23 19 23 27 26 21 15 26 17 44 25 25 21 28 34 13 35 25 35 20 21 38 24 41 34 22 34 37 36 29 31 20 38 24 27 16 24 21 17 27 18 20 27 30 29 27 41 19 32 25 12 34 19 22 35 31 23 31 27 26 25 24 37 44 41 35 60 27 22 31 25 34 28 23 18 17 34 27 28 20 23 17 38 28 30 60 21 27 27 27 28 26 25 28 23 33 25 50 16 31 22 27 17 24 19 15 38 19 19 18 26 18 22 34 32 18 33 21 29 21 32 21 28 20 26 28 25 25 44 30 19 32 36 12 24 18 25 20 20 19 19 27 39 48 30 25 28 26 26 42 25 35 43 21 25 34 16 33 18 25 16 27 34 15 20 25 26 24 18 48 21 23 32 37 24 21 19 34 18 30 35 77 24 27 23 24 23 20 28 30 25 21 27 24 21 26 32 18 33 29 28 32 28 23 27 39 36 23 16 31 30 35 25 33 30 15 31 43 20 16 29 23 23 14 24 36 19 43 47 32 41 16 21 57 31 15 26 19 24 24 24 20 26 38 18 19 53 23 46 47 27 39 28 26 22 28 53 27 30 35 29 17 21 35 20 40 25 27 21 27 18 24 37 17 22 23 19 26 18 44 25 38 48 26 29 36 27 29 20 30 26 23 23 28 11 30 34 35 36 51 15 23 22 39 17 23 23 17 31 25 15 70 21 39 34 20 23 21 26 29 22 28 16 24 23 53 37 19 28 24 32 26 23 18 34 19 49 34 24 26 27 32 26 27 22 21 37 19 41 23 19 36 26 26 36 33 28 36 22 24 31 25 31 31 26 27 25 20 27 29 28 37 20 28 20 16 40 37 18 24 28 19 13 16 29 24 28 19 25 28 34 15 27 34 51 23 31 28 29 21 22 39 24 21 19 21 18 19 18 23 33 23 25 19 19 22 17 23 22 22 43 25 36 22 31 26 27 22 27 38 48 21 24 15 42 28 45 17 26 18 32 23 45 32 24 31 27 29 32 27 25 37 14 34 17 33 39 34 19 20 28 31 20 30 31 19 15 29 32 32 39 65 34 22 29 28 25 22 19 20 35 27 24 18 26 21 19 22 44 21 20 30 23 31 26 34 41 
27.432
20000
23 30 37 32 26 46 35 23 35 17 37 28 38 26 35 27 18 11 21 23 26 30 32 35 46 26 23 27 47 41 50 29 23 22 46 26 17 26 32 29 32 18 31 26 29 18 43 17 18 19 18 21 58 20 25 16 42 24 40 33 31 17 36 27 32 23 24 23 23 22 28 36 31 23 31 22 48 34 20 34 24 44 32 44 34 38 21 34 30 29 19 39 35 20 15 21 27 15 49 42 30 38 30 19 34 39 21 32 20 26 27 34 23 28 22 31 54 25 22 32 23 30 42 39 26 20 25 21 28 23 31 31 16 36 26 59 16 31 28 39 50 26 28 19 29 20 41 31 42 34 24 31 38 22 40 29 24 23 34 31 33 25 28 19 19 35 28 34 30 20 35 20 30 17 60 39 38 28 50 31 27 21 35 27 38 27 22 34 32 28 32 43 32 24 23 25 38 21 25 19 32 33 25 25 31 25 21 23 22 49 47 35 25 22 16 26 39 25 37 31 16 24 22 26 45 30 26 29 72 26 35 35 29 28 30 23 23 23 18 23 23 19 30 15 40 31 43 23 35 26 18 32 30 20 39 36 27 31 41 24 32 30 41 47 13 68 26 36 37 39 27 24 38 22 31 41 19 21 23 41 25 20 31 23 27 21 31 15 45 22 26 30 24 30 18 40 33 29 22 22 30 13 20 26 20 41 43 38 38 22 29 20 22 20 17 22 27 18 11 28 35 22 35 21 41 24 26 29 26 23 17 38 16 40 22 47 22 14 43 27 18 11 27 28 43 31 26 18 22 25 32 42 23 14 21 47 27 29 26 43 29 20 21 18 45 26 35 32 20 72 18 18 23 27 45 29 24 29 23 17 46 22 39 34 20 19 28 32 40 21 23 27 26 28 32 21 37 33 22 44 41 34 23 29 25 18 37 37 21 28 31 22 22 23 73 31 25 25 16 29 23 48 19 23 21 27 34 26 18 24 45 20 44 22 23 18 14 30 21 18 43 50 20 29 43 20 32 58 21 30 29 31 60 43 34 29 31 30 31 31 30 34 28 33 41 45 23 27 33 47 21 16 35 39 18 19 29 21 25 26 27 39 18 36 30 62 25 49 57 20 23 32 31 34 26 27 25 18 10 34 
29.326
25000
30 20 43 26 28 21 19 28 40 19 19 31 36 22 18 24 35 22 25 21 37 33 20 43 22 38 22 22 27 17 39 28 17 28 26 24 22 30 27 31 36 23 20 18 23 31 25 37 22 19 43 37 49 31 19 40 21 39 37 18 22 38 19 23 13 49 42 42 15 38 28 24 24 25 30 14 34 48 31 25 30 22 24 47 28 23 24 29 30 29 16 27 41 23 31 36 31 39 40 17 24 31 41 38 20 25 29 31 29 15 39 30 32 17 25 40 29 16 27 32 40 17 15 32 23 31 21 70 21 53 45 28 14 32 25 24 19 20 40 24 30 17 32 30 21 31 42 21 16 35 20 37 41 29 18 30 26 26 33 30 23 56 27 44 31 34 28 30 46 40 63 28 25 24 39 14 54 30 22 18 23 35 31 26 22 43 59 30 18 19 18 17 29 26 16 34 46 26 36 20 31 22 22 42 34 44 24 20 24 20 28 24 31 27 20 29 21 20 22 34 30 18 42 29 22 23 22 35 37 41 33 53 20 15 20 28 17 31 40 47 31 29 19 28 35 32 46 18 36 25 46 41 27 30 36 30 34 18 16 35 19 23 32 46 18 17 28 27 29 30 40 23 28 24 25 31 41 22 52 33 22 18 25 59 37 50 38 41 42 28 22 57 19 19 21 21 24 18 30 36 50 26 29 22 26 26 37 26 27 21 36 30 23 43 27 32 40 41 19 32 27 18 29 61 26 29 31 16 21 24 24 41 16 28 21 22 49 19 32 26 17 21 58 23 17 30 34 29 17 34 16 31 19 22 28 28 35 18 16 21 28 21 26 51 43 21 28 28 23 28 35 54 44 18 17 29 20 24 27 38 20 24 30 16 28 31 17 42 24 40 23 32 26 25 25 31 26 24 26 26 19 33 24 21 32 33 30 24 25 21 27 45 23 21 42 29 23 34 27 22 22 29 33 22 28 29 19 37 38 20 44 33 21 30 37 23 17 39 24 20 26 34 18 34 27 28 42 16 18 23 20 31 28 30 40 27 35 35 25 28 29 24 31 17 25 24 43 27 20 19 16 28 25 42 31 29 32 39 14 39 18 17 27 30 34 19 23 28 30 29 20 29 23 46 28 76 27 25 28 38 
28.894
30000
20 27 24 32 29 36 27 15 28 26 24 32 27 28 35 36 34 30 18 32 26 47 25 36 33 30 18 24 24 38 44 35 24 30 34 16 29 18 19 39 12 23 22 13 25 24 42 45 24 26 24 36 33 37 32 38 31 15 21 50 25 44 25 37 35 28 38 32 29 27 30 17 26 31 43 21 26 23 32 36 36 29 23 18 34 35 15 27 42 26 15 23 38 23 28 30 33 17 46 36 25 23 26 34 22 23 36 41 62 19 23 26 37 36 23 30 57 27 14 24 30 27 16 43 23 21 19 30 32 38 21 33 32 23 24 18 22 27 37 38 26 17 23 21 21 35 26 25 32 21 24 39 30 37 26 19 24 30 35 30 21 28 31 27 31 36 38 28 53 27 36 15 14 34 30 27 38 39 46 36 28 23 30 23 23 27 32 26 30 26 19 30 19 25 52 30 29 29 20 62 27 27 35 46 33 62 27 18 31 50 24 22 34 21 32 51 21 46 32 38 24 34 36 26 33 33 25 41 32 29 27 30 43 24 35 30 22 32 24 26 27 23 30 34 12 34 23 36 47 24 18 27 29 39 24 19 35 53 31 32 24 24 27 21 22 36 28 45 36 47 31 43 19 32 26 34 55 30 31 32 44 30 30 32 36 26 53 24 26 25 20 23 28 32 19 32 25 48 17 31 36 32 30 30 26 25 18 19 37 23 29 21 45 25 15 26 27 24 16 30 21 20 29 20 27 18 19 24 22 22 40 36 22 12 23 21 33 24 22 32 25 19 21 34 21 34 61 26 27 32 23 15 54 26 38 38 46 24 13 22 25 27 25 29 20 24 21 27 33 26 18 51 29 26 34 44 20 25 34 39 27 22 22 23 50 40 19 49 31 50 14 17 49 22 23 23 23 27 22 35 26 19 36 30 29 24 30 35 30 26 27 21 28 33 21 29 24 22 27 30 22 29 28 26 28 82 24 45 33 54 21 58 17 16 38 26 17 34 26 31 34 24 21 40 24 35 22 26 22 32 23 27 25 20 19 54 22 18 32 32 21 22 26 18 26 32 63 28 24 18 29 20 24 20 60 36 39 29 34 59 45 26 37 52 40 52 31 40 27 33 25 27 29 25 35 23 38 40 23 34 
29.59
35000
20 19 21 24 57 26 28 63 53 19 29 31 23 35 19 31 27 26 20 30 28 16 33 30 17 33 30 24 22 26 28 25 41 28 30 33 17 40 20 16 20 21 29 24 30 31 20 36 17 28 54 37 27 21 47 35 46 27 43 44 29 23 33 39 20 32 27 20 30 27 23 22 27 33 35 20 29 34 27 37 35 20 23 33 63 52 50 29 39 41 45 24 40 38 40 34 22 22 34 45 32 26 44 36 36 42 16 17 32 41 34 30 33 69 33 20 38 26 15 24 45 25 26 44 45 24 19 21 29 26 33 55 28 33 34 24 25 30 29 23 22 31 40 28 20 22 26 25 27 26 26 19 49 28 18 17 32 24 31 38 28 24 20 21 42 38 20 23 57 25 26 29 19 31 23 25 34 20 35 21 26 44 38 33 39 43 23 29 25 15 24 23 15 18 62 23 23 29 28 56 30 30 29 42 30 41 30 38 33 36 39 29 32 15 37 36 30 36 22 38 44 31 39 26 30 30 49 32 46 45 43 35 26 48 50 56 18 24 46 26 24 15 51 35 22 34 31 24 21 32 28 16 33 17 30 24 20 15 33 35 29 61 35 25 32 42 25 25 54 29 27 24 52 33 24 40 41 30 27 26 21 53 53 38 24 35 40 21 32 25 47 38 30 38 26 25 29 29 20 29 26 25 33 35 32 23 22 44 29 38 18 28 31 22 37 49 43 45 30 25 21 22 21 58 34 20 18 33 26 31 51 20 32 59 28 32 16 28 45 24 34 27 32 27 34 24 30 40 30 32 20 18 17 32 29 52 27 34 22 25 29 22 32 26 22 18 26 25 28 30 29 27 41 27 45 21 18 30 25 30 36 20 30 24 28 49 48 23 18 33 27 31 37 39 24 37 30 68 28 36 21 48 32 23 26 19 21 28 20 22 41 19 42 34 43 24 39 22 22 30 23 16 32 25 37 21 28 20 30 32 25 29 20 22 21 41 32 19 45 34 25 24 39 35 29 32 37 23 27 28 24 19 32 14 25 27 31 35 43 35 23 53 64 26 54 37 27 42 41 32 18 35 38 22 40 35 27 41 39 37 38 39 16 34 30 39 31 25 32 40 22 52 25 26 29 20 25 37 27 25 
30.884
40000
34 30 24 32 32 28 52 24 23 19 37 27 43 19 77 18 24 31 19 33 31 89 27 26 59 28 23 24 52 40 43 23 29 23 24 32 19 32 21 28 18 27 27 34 35 39 23 23 18 28 23 30 43 23 20 22 25 27 32 28 42 35 62 42 29 34 42 27 20 33 27 19 32 28 41 30 22 25 27 39 29 28 26 38 50 28 32 22 33 23 23 21 34 20 22 42 32 35 26 25 32 13 22 19 29 56 22 41 24 67 35 34 28 33 38 25 32 39 24 24 29 26 39 30 28 30 31 42 20 18 34 20 34 26 25 31 39 34 30 33 57 25 22 32 49 21 37 36 26 24 63 25 30 49 30 39 28 34 39 22 30 22 33 37 32 56 28 31 23 34 44 19 50 40 19 28 32 30 36 36 24 48 21 23 24 22 28 19 42 30 30 47 36 21 25 45 27 47 26 38 48 23 23 27 34 24 40 23 51 17 24 59 26 24 64 30 27 24 31 43 54 27 28 21 36 29 29 22 27 31 43 24 18 36 30 24 20 43 33 42 13 44 19 25 25 25 29 27 20 30 54 32 29 46 27 31 32 32 33 27 28 31 20 34 17 41 31 26 35 33 29 50 27 52 23 33 36 26 60 25 26 19 62 24 38 20 25 22 28 22 32 28 30 29 43 43 45 34 43 29 24 21 23 29 28 20 26 26 22 29 32 38 20 16 24 40 29 26 17 34 32 35 33 45 22 27 23 33 34 27 31 59 27 28 32 24 20 40 25 28 20 23 56 19 31 45 24 29 68 25 25 27 29 39 33 28 37 36 37 40 31 21 30 21 22 19 26 33 46 45 46 24 39 25 20 41 24 36 23 27 30 29 34 24 23 81 40 57 47 35 23 40 22 40 26 25 28 41 27 17 43 15 48 35 32 29 39 44 20 35 27 38 27 23 31 24 22 31 24 23 54 22 20 31 34 37 29 26 38 30 36 25 33 70 40 27 28 32 45 25 18 35 33 36 23 44 46 44 20 50 25 14 17 23 24 35 46 26 32 31 27 16 38 35 21 22 21 31 31 58 26 32 29 42 27 39 31 37 23 28 30 21 42 31 36 20 35 42 26 35 29 29 24 34 39 27 30 26 38 19 
31.446
45000
28 34 26 36 46 30 22 29 34 36 29 13 38 23 29 25 25 26 21 38 28 28 30 38 32 30 27 26 32 23 45 34 40 30 36 52 31 35 31 24 23 28 36 17 43 56 34 35 25 20 34 21 20 33 28 41 27 28 31 25 51 41 31 42 36 20 24 45 25 26 39 26 26 28 19 31 25 32 33 19 24 24 28 14 20 29 38 22 25 26 30 24 21 33 33 27 64 22 32 67 22 30 24 27 29 30 25 50 49 24 31 31 40 14 23 33 30 33 23 30 20 32 37 21 29 27 26 24 47 26 46 52 30 25 21 23 22 29 32 26 20 24 33 25 37 36 44 24 55 36 15 29 18 52 23 27 36 24 23 31 41 29 23 25 18 51 47 32 30 28 43 32 35 27 25 28 24 50 27 31 25 39 16 54 38 23 50 35 21 18 31 24 30 22 28 58 68 47 30 46 37 27 33 36 31 35 26 25 46 33 43 31 30 21 46 34 31 27 29 29 53 43 78 25 25 16 21 39 23 23 51 25 39 31 29 26 26 22 30 25 33 28 30 28 32 36 31 29 37 42 31 39 34 27 38 16 29 24 30 25 36 42 48 15 26 26 20 42 34 45 49 20 13 34 31 46 35 28 71 27 23 27 30 24 22 30 46 26 19 14 31 30 55 25 18 30 56 33 35 22 25 23 20 25 38 34 35 32 32 23 20 42 31 21 23 14 29 29 15 31 28 31 56 21 32 31 33 28 32 48 46 24 23 45 20 32 15 39 24 29 20 24 30 20 29 23 28 32 39 56 22 27 34 20 24 35 33 22 28 26 34 33 18 21 46 29 29 35 30 20 21 35 27 28 36 22 25 19 28 25 20 33 34 39 24 27 51 18 13 22 33 27 24 37 58 38 25 29 37 45 35 46 24 22 22 31 28 32 21 23 25 40 39 40 25 40 37 32 24 32 19 64 30 38 28 35 26 30 33 23 31 44 32 33 22 24 35 42 42 31 33 27 32 35 40 43 30 34 24 19 31 34 22 43 18 23 28 48 32 35 28 27 35 37 22 36 27 53 32 24 36 51 37 36 21 20 43 32 23 27 22 26 22 28 33 32 38 25 27 37 25 23 25 41 31 21 18 43 44 57 
31.092
50000
48 24 48 29 36 17 21 34 27 32 24 37 31 33 25 27 25 18 15 23 23 32 32 31 44 24 54 31 23 22 30 26 30 28 37 24 32 29 30 23 34 50 43 24 32 30 54 24 37 35 32 43 21 27 47 35 32 24 38 18 19 47 25 35 28 16 20 27 28 35 41 25 24 35 38 33 26 28 23 42 29 29 24 31 28 29 44 34 23 30 45 43 44 31 21 21 16 33 29 26 38 24 28 51 29 22 29 24 31 36 30 23 20 40 29 25 28 16 18 28 28 25 36 34 48 15 15 36 31 27 30 31 21 27 26 23 24 14 24 24 23 33 27 21 24 34 29 26 38 25 34 24 30 26 24 24 23 35 33 27 22 31 28 46 33 23 20 26 27 27 20 22 34 29 48 22 32 15 28 18 19 49 44 19 21 26 22 72 41 46 15 27 39 14 47 17 42 26 54 34 38 18 30 27 21 13 27 31 36 26 29 60 35 19 38 44 26 30 14 23 42 37 39 29 19 18 37 29 18 25 24 29 17 28 33 27 18 23 38 27 15 29 41 47 28 17 41 37 27 25 29 43 19 27 32 34 23 34 23 32 67 61 23 16 47 38 20 27 44 17 27 21 32 30 23 18 22 43 28 28 25 21 18 38 30 23 36 62 28 35 32 19 26 66 47 34 23 27 31 34 25 27 29 32 24 20 51 30 24 26 36 34 37 35 20 25 31 44 34 34 38 29 49 31 26 33 26 23 29 27 23 34 31 28 24 45 37 22 24 40 25 26 49 28 31 28 35 25 21 29 21 40 23 33 35 21 36 28 37 26 49 25 22 38 25 28 38 22 19 52 24 25 38 33 38 39 21 24 50 28 14 13 37 24 28 19 14 31 34 33 30 59 23 19 23 28 25 22 25 30 26 27 22 34 37 29 24 37 23 27 21 24 36 39 31 22 35 17 14 27 28 18 16 46 29 50 25 33 45 50 25 52 37 38 24 33 28 23 42 29 24 23 30 37 22 40 38 20 23 51 36 28 38 25 28 32 23 24 35 22 25 31 21 35 28 26 19 55 34 25 31 24 29 21 23 44 29 35 22 17 36 38 33 36 34 29 27 39 22 17 21 17 29 29 22 33 29 35 30 25 
29.938
55000
67 61 28 29 17 48 47 35 29 30 35 26 27 19 58 31 19 27 20 26 31 22 30 25 43 32 28 34 33 25 44 31 28 35 25 17 33 40 27 29 18 28 23 18 29 32 37 29 47 34 20 27 45 21 26 40 45 27 20 30 26 34 60 27 38 44 28 27 26 24 34 29 31 23 13 42 23 22 23 24 40 43 31 22 37 19 36 46 40 39 27 39 44 45 36 29 32 34 24 55 38 23 53 24 35 41 48 35 26 31 47 28 31 31 42 22 25 30 12 25 54 45 25 32 32 22 21 29 35 52 41 34 26 24 37 26 21 27 29 44 42 21 38 27 24 45 39 33 27 23 25 39 40 31 21 23 45 29 27 42 31 22 30 26 59 18 16 29 29 23 23 34 39 41 25 59 39 28 29 52 41 30 53 29 25 25 60 38 23 31 21 33 37 24 24 26 21 16 28 52 44 19 23 25 33 37 46 27 33 23 21 45 35 33 61 27 29 34 18 15 30 41 21 30 32 38 21 55 28 20 64 29 26 45 27 40 17 26 47 26 24 23 28 39 24 30 33 19 31 27 26 37 21 37 25 25 22 25 38 25 26 42 25 74 33 25 33 40 19 33 35 55 28 24 34 23 27 34 24 35 37 28 41 27 47 24 33 21 30 38 21 23 24 37 38 32 34 22 33 46 30 44 29 28 27 52 26 21 63 22 28 22 42 20 15 26 42 36 14 34 34 35 29 24 56 43 32 30 27 26 25 24 32 20 21 23 25 25 34 25 33 14 42 46 26 28 51 31 28 53 27 30 30 14 34 48 38 28 26 35 37 44 35 21 44 31 43 34 31 27 36 50 23 21 20 33 33 57 29 42 28 19 17 23 20 26 28 25 36 24 22 43 28 45 56 48 43 29 26 75 31 29 35 40 37 36 31 35 42 22 36 31 36 35 23 27 42 25 12 19 35 18 36 26 18 31 22 28 23 23 52 22 39 22 19 50 26 27 46 40 28 26 19 24 28 23 29 25 28 25 35 20 21 23 21 26 55 31 30 57 30 27 20 39 24 22 21 23 18 32 18 21 18 22 25 51 32 46 31 29 30 36 26 31 29 42 33 20 24 28 21 35 59 29 29 23 32 20 21 30 
31.528
60000
31 14 29 23 21 32 22 39 37 36 29 21 33 29 39 70 37 30 29 39 26 20 31 33 40 45 19 25 28 42 47 61 39 30 25 28 30 23 32 34 23 32 31 27 20 29 36 16 40 25 29 52 26 28 19 29 24 38 29 26 33 49 33 23 30 30 28 24 27 29 39 27 24 28 36 39 30 23 32 28 27 23 20 36 34 28 31 26 34 28 21 31 23 33 18 30 32 36 31 33 45 20 41 48 16 34 29 20 19 34 39 26 24 27 29 22 45 39 17 29 41 53 28 41 17 40 23 35 28 24 21 29 25 45 22 38 19 27 23 48 21 37 29 28 29 22 21 26 58 29 24 27 39 23 26 39 32 30 29 32 19 22 33 21 39 26 27 24 28 24 23 32 32 35 49 32 26 26 33 30 44 31 39 42 23 23 33 27 21 40 20 31 34 26 34 29 26 27 32 25 40 23 30 27 33 40 35 25 31 37 35 32 34 25 29 40 24 20 27 26 28 21 27 24 43 25 22 31 57 38 40 55 35 57 21 20 17 51 45 29 17 32 32 27 33 38 60 35 41 23 27 31 42 34 13 41 47 28 44 26 26 54 28 48 35 20 38 35 16 33 39 23 30 24 27 44 19 35 34 50 26 15 22 26 32 26 33 65 29 23 20 61 29 50 32 27 34 37 24 50 41 25 17 32 35 34 30 37 32 22 25 41 25 32 24 13 40 19 26 26 27 21 26 43 33 27 26 25 27 51 30 33 26 33 41 26 23 32 31 23 40 19 24 26 24 24 31 24 25 38 37 28 27 25 17 27 27 34 27 23 41 32 55 41 22 42 27 40 27 29 24 60 29 38 26 32 45 35 23 57 42 52 34 58 31 35 20 28 41 22 23 30 29 20 45 30 23 37 44 44 42 26 35 45 28 37 26 34 33 40 30 34 27 24 27 17 35 34 20 30 24 36 39 29 24 31 43 44 49 23 33 40 30 30 22 57 24 40 42 28 48 25 37 27 27 41 41 29 35 25 24 22 20 29 61 37 61 25 30 35 25 40 24 33 25 36 18 25 25 19 53 35 36 24 28 23 24 22 26 41 23 39 35 36 36 29 47 24 33 39 51 24 22 30 22 19 36 19 26 60 
31.47
65000
41 26 27 27 41 25 45 30 40 20 24 23 27 29 22 27 35 35 32 30 31 36 36 34 41 21 31 29 37 24 27 29 24 26 30 18 34 29 23 30 21 26 43 23 21 53 41 38 32 30 29 25 38 23 40 32 28 24 41 27 29 23 32 41 26 50 39 18 35 37 33 19 38 24 33 28 24 24 36 25 40 37 20 42 30 30 32 33 43 28 29 21 32 23 31 27 28 23 37 43 28 33 26 21 62 20 36 20 15 28 29 23 35 76 31 37 17 28 15 39 34 45 21 45 60 43 24 23 34 24 24 40 44 29 35 25 24 31 39 27 28 25 26 28 30 27 26 51 49 33 28 26 24 32 25 44 25 39 24 30 28 41 41 35 25 30 33 37 28 27 25 27 35 29 36 32 23 31 30 29 19 48 38 29 22 19 24 28 30 31 34 25 30 39 40 29 24 21 28 33 39 28 29 34 32 23 45 23 29 35 37 28 22 32 28 22 25 20 32 24 41 36 18 27 22 44 31 30 20 62 22 39 47 28 35 25 20 38 18 23 14 30 32 35 27 22 28 23 32 28 26 43 31 32 27 36 21 29 45 22 38 21 56 29 22 63 36 35 26 24 26 32 29 46 22 40 32 20 20 46 24 27 32 21 19 36 60 31 25 28 27 24 30 34 22 28 28 30 25 27 40 46 12 40 36 48 23 40 24 30 18 47 23 19 27 24 44 35 28 28 22 27 33 28 30 28 33 31 20 23 38 26 19 29 72 24 31 29 33 35 17 23 20 28 28 25 21 31 29 33 34 23 19 30 28 24 40 36 21 42 37 22 25 32 30 42 39 23 27 38 39 21 21 37 21 23 16 20 29 45 20 20 25 30 25 28 45 23 56 57 30 35 21 33 27 35 33 62 42 16 22 25 25 31 30 29 17 40 22 23 30 47 48 41 33 41 35 51 24 23 37 25 26 24 62 31 32 39 65 22 30 49 38 42 26 22 34 32 29 27 26 20 44 25 34 41 24 24 24 21 40 52 47 25 41 36 24 27 46 29 37 40 28 29 19 33 24 36 31 26 27 34 31 28 26 25 24 68 40 29 41 38 34 40 30 16 45 27 29 17 37 39 36 47 24 52 36 46 30 32 
31.178
70000
29 43 25 27 39 50 35 22 31 26 42 86 58 37 58 22 25 45 32 18 20 24 24 30 46 23 35 44 55 37 25 37 35 28 31 27 39 35 46 35 19 43 43 29 34 35 23 27 32 32 28 22 22 26 33 46 34 36 20 39 37 35 28 39 35 29 44 22 42 25 30 36 44 22 25 44 29 46 29 37 25 26 48 43 39 9 44 33 35 40 28 18 26 28 18 22 36 24 31 35 24 33 47 40 25 31 31 26 38 27 49 26 31 23 30 20 25 28 27 35 27 18 16 28 28 27 29 20 25 41 23 41 25 36 24 39 23 24 33 47 26 45 36 22 26 31 27 35 31 36 27 31 39 31 48 29 54 26 34 24 32 28 15 32 39 26 21 19 45 22 27 30 21 24 25 20 28 34 57 34 35 22 32 36 40 27 28 26 23 45 27 35 32 33 25 27 23 39 31 21 38 22 32 32 48 20 31 23 35 24 24 29 31 23 22 25 43 28 16 44 38 27 25 57 22 34 34 31 28 35 47 25 23 26 30 29 25 20 33 46 26 25 22 32 36 31 32 53 45 26 25 32 24 28 26 27 34 28 31 28 43 26 34 37 32 34 42 26 29 28 48 23 24 64 23 26 22 33 30 30 32 28 34 36 34 28 41 21 33 26 34 39 36 49 32 31 37 24 30 28 26 31 33 27 35 45 30 27 39 15 31 31 27 33 27 69 44 31 36 27 29 40 39 21 48 30 25 49 45 33 38 33 37 22 53 28 40 38 21 31 25 36 23 34 22 61 37 48 25 23 18 33 51 36 44 42 23 41 67 32 36 44 23 29 23 31 20 46 46 42 24 24 77 37 32 28 102 32 42 24 34 28 25 36 42 29 59 41 27 28 27 29 27 56 36 34 33 18 51 35 41 38 14 34 26 52 24 26 15 34 37 29 31 24 31 29 74 33 24 37 17 43 30 24 20 39 23 29 34 24 36 37 33 34 38 26 33 52 29 29 22 36 37 26 37 22 41 44 43 52 35 34 15 22 30 26 42 26 37 43 29 28 18 56 17 31 28 24 32 38 28 40 48 37 40 50 34 30 37 34 44 31 22 29 36 38 33 42 27 48 22 37 21 38 20 28 23 40 22 29 
32.632
75000
29 25 23 24 47 32 43 28 43 35 21 61 27 26 32 28 34 36 21 42 30 52 22 30 31 32 55 42 25 31 30 49 36 43 49 42 20 30 42 28 49 26 27 33 40 52 30 52 53 26 28 26 27 49 25 36 45 37 50 28 35 30 30 27 45 31 25 30 31 44 26 50 24 48 36 31 28 53 28 34 38 47 25 29 25 30 48 24 32 25 49 24 45 43 25 19 29 18 23 33 26 41 26 45 32 38 37 38 21 15 23 54 19 31 31 46 28 33 27 35 33 52 36 23 33 23 33 43 30 36 29 42 26 24 28 34 25 38 43 20 24 20 38 39 36 31 22 31 34 23 28 44 33 25 24 47 22 22 25 57 27 23 81 35 38 16 29 67 58 38 49 35 32 32 53 28 24 22 28 25 29 24 35 17 27 32 47 35 39 35 29 29 33 33 36 34 60 19 30 35 27 25 34 48 34 51 25 27 25 23 53 27 36 24 22 34 27 25 13 32 32 32 25 29 22 31 33 30 35 38 20 43 47 39 39 40 33 28 32 33 24 39 40 29 38 40 21 31 51 23 32 43 38 38 34 32 39 18 53 35 34 32 28 34 32 30 39 31 21 32 24 27 43 41 43 50 30 26 42 40 29 39 26 31 48 78 27 29 41 27 20 24 29 24 23 24 60 39 30 37 34 26 29 23 28 32 29 28 42 32 24 39 26 37 38 43 31 36 19 27 37 41 22 26 23 25 21 21 37 27 26 26 35 25 28 36 34 25 26 32 31 23 29 10 23 35 35 23 30 17 27 42 35 27 20 47 36 24 23 34 25 40 25 22 27 38 37 82 36 34 29 25 32 32 24 28 39 37 25 24 44 28 35 51 34 36 36 29 33 26 21 31 27 22 64 29 24 21 23 45 36 25 43 54 30 28 17 24 29 21 49 33 30 16 43 91 27 23 27 31 34 23 32 26 38 23 20 42 39 15 34 40 23 24 19 25 27 32 21 27 25 20 35 35 26 20 26 21 29 21 28 29 39 29 32 28 28 24 27 34 28 24 36 25 25 60 47 26 36 32 32 33 28 25 22 34 19 23 24 27 35 68 43 25 21 30 24 33 58 21 19 25 29 41 31 52 33 33 27 31 
32.512
80000
27 51 26 37 31 28 31 23 50 34 29 33 25 57 20 46 43 25 22 32 31 43 19 32 21 45 36 23 30 43 33 34 35 40 31 44 26 27 38 40 26 35 25 32 28 26 17 39 24 21 34 28 36 38 24 53 30 42 24 20 25 24 28 40 26 30 40 19 48 35 31 18 24 32 43 62 42 26 24 41 24 34 32 30 29 34 36 26 28 25 30 45 28 34 26 24 19 32 32 25 42 25 27 35 25 49 38 31 62 24 51 24 30 31 34 50 38 21 40 24 64 25 34 30 35 42 38 44 25 28 25 31 42 36 36 29 27 37 24 29 19 20 34 31 27 39 34 32 31 28 28 41 35 23 40 38 23 32 37 35 30 24 36 33 27 22 25 28 46 26 28 52 20 34 17 42 24 20 32 54 34 27 104 32 35 25 37 23 42 47 22 49 30 28 51 25 18 20 23 57 34 57 26 56 41 43 32 25 48 22 33 40 35 18 21 26 29 19 12 30 28 30 26 22 42 27 47 42 38 28 37 26 50 30 35 36 17 30 20 30 21 19 25 18 48 25 23 28 25 29 24 49 19 30 36 30 28 27 36 35 18 33 25 18 24 22 23 27 26 18 35 40 38 21 33 26 23 32 32 31 18 15 30 28 35 27 38 39 34 38 35 26 47 38 29 24 25 28 58 22 25 24 30 24 33 42 54 40 21 38 31 27 23 33 27 42 26 25 35 28 32 32 40 35 33 35 21 40 31 25 25 46 22 27 40 26 29 40 33 31 23 43 29 20 22 26 27 41 20 32 12 43 30 32 24 20 58 39 26 22 22 29 29 22 26 48 34 28 30 26 31 27 42 27 23 35 27 27 28 26 23 23 34 51 22 30 41 41 52 29 23 27 34 31 26 50 35 23 41 30 40 31 33 24 27 41 27 38 38 35 20 34 32 25 23 16 25 31 20 32 23 27 30 38 33 68 31 23 33 19 36 34 29 29 24 54 20 50 35 24 22 50 23 23 69 43 39 23 34 59 31 21 19 29 33 28 28 20 31 32 18 31 27 25 23 33 35 24 27 24 30 46 18 41 36 27 34 35 31 44 56 26 43 29 31 27 28 36 32 27 26 37 30 38 35 38 29 27 31 25 
31.752
85000
60 45 31 24 39 28 24 29 24 28 29 21 24 21 36 24 23 44 22 52 26 41 28 30 30 35 46 25 70 41 36 21 22 23 41 35 31 29 66 45 29 27 24 30 18 25 56 31 23 36 24 38 25 44 42 29 22 44 54 27 82 38 25 24 31 40 25 33 34 32 31 39 20 37 39 26 35 21 36 39 36 44 40 29 33 39 36 25 40 25 31 19 23 35 49 37 50 27 27 37 49 30 35 37 38 29 27 41 24 24 26 33 20 35 35 40 30 29 26 40 29 27 23 46 25 25 20 27 46 28 33 47 27 28 26 30 23 29 18 30 42 23 23 23 23 41 26 41 26 30 27 19 29 22 30 30 28 23 28 29 27 26 21 26 57 32 30 28 25 24 26 26 42 28 47 19 27 33 44 44 33 47 28 35 37 24 23 23 16 22 19 24 39 30 30 27 27 31 25 28 22 20 29 39 41 33 23 36 32 23 33 44 27 24 41 29 24 25 20 33 39 43 30 24 34 30 23 33 27 25 51 35 42 27 48 30 29 65 26 36 19 17 22 35 22 28 28 28 35 23 30 31 45 16 43 26 29 33 40 41 22 30 22 59 24 22 37 28 39 25 27 29 22 31 35 29 26 31 30 29 36 27 30 30 42 39 22 21 31 27 23 28 30 51 48 43 25 37 20 36 39 24 25 18 24 27 25 36 55 35 34 26 33 62 26 24 30 24 25 24 38 41 36 31 48 30 22 27 39 33 44 25 19 29 23 19 21 34 32 52 17 25 27 28 19 41 41 44 30 19 25 25 21 29 34 34 59 30 52 37 43 40 73 48 29 43 41 43 27 57 20 33 28 19 48 37 33 25 26 28 46 24 30 42 28 42 17 21 31 22 26 24 27 43 27 38 37 24 32 43 54 30 27 23 27 26 29 22 34 21 39 25 45 34 27 35 33 36 18 23 32 31 22 37 24 28 34 26 28 38 31 34 32 26 40 26 26 41 39 37 25 28 26 27 65 55 49 17 47 13 27 43 48 26 38 25 27 42 35 27 56 31 30 16 41 31 34 32 26 22 34 26 16 68 29 23 64 45 24 22 28 32 32 26 41 17 24 64 29 34 27 24 19 37 43 30 43 22 27 31 
31.968
90000
28 20 41 37 27 26 36 52 32 17 35 21 32 24 42 28 53 38 16 31 29 26 31 34 38 56 55 22 38 27 25 25 24 41 30 39 21 25 53 17 84 17 43 30 39 36 37 30 44 31 29 23 59 20 32 66 42 29 38 25 30 33 27 48 22 56 34 33 26 37 33 41 29 24 32 24 43 29 50 49 48 42 26 41 37 40 32 51 33 36 60 34 32 51 34 47 37 36 24 22 29 23 30 30 24 46 34 42 28 37 27 30 52 35 43 23 35 23 20 34 36 26 28 59 30 20 40 26 17 28 27 31 21 42 24 34 21 23 30 39 20 39 45 33 44 76 26 38 37 24 37 31 35 21 28 28 24 36 31 37 46 24 35 26 29 21 36 27 22 28 29 25 39 21 26 27 32 57 49 20 25 57 37 35 45 26 32 33 47 22 38 43 30 19 14 21 23 40 21 30 26 32 51 37 34 22 33 33 43 28 43 34 22 24 17 27 86 32 25 19 32 42 20 26 30 35 28 29 44 22 42 36 23 29 20 24 19 41 20 48 20 18 23 43 25 35 36 26 18 48 19 19 29 34 23 58 27 37 20 30 29 40 35 38 26 43 35 48 24 32 30 25 24 35 18 36 36 35 35 17 32 14 33 42 29 21 40 23 36 29 33 23 25 49 35 27 27 25 25 35 25 16 29 37 48 34 25 24 31 23 42 68 48 37 31 36 27 15 19 28 37 31 38 25 21 54 33 42 44 30 30 41 19 24 44 30 29 43 24 25 53 33 35 26 23 32 28 31 40 24 34 29 31 38 29 37 36 33 33 53 16 28 31 39 52 26 30 35 21 32 36 26 42 48 78 46 30 35 41 30 20 70 26 35 33 30 53 81 26 29 27 38 37 41 33 66 33 51 61 25 44 26 58 29 19 34 27 26 23 27 34 53 23 28 31 27 27 28 22 36 20 24 13 29 18 28 24 21 24 20 42 41 38 27 22 32 34 27 45 23 37 47 41 55 28 41 42 25 28 35 28 32 21 30 35 30 40 16 18 29 21 43 24 26 24 15 27 40 28 50 31 36 24 33 27 34 33 30 29 36 45 33 32 30 21 35 24 26 31 31 30 30 47 22 44 28 35 29 35 21 
32.814
95000
43 26 44 28 31 20 24 28 21 18 38 36 41 24 20 55 23 29 22 154 22 35 27 28 32 29 29 34 34 29 65 38 34 29 27 40 27 30 36 26 22 24 27 40 27 27 22 20 29 27 27 56 31 24 26 40 45 26 18 20 35 27 32 26 17 56 21 24 44 35 31 36 21 23 31 29 28 42 20 66 17 23 34 22 44 25 24 20 30 21 36 33 22 25 34 47 30 20 32 23 24 30 45 50 35 27 27 51 25 25 31 25 24 42 29 27 39 28 26 28 27 38 33 37 26 35 26 26 41 27 22 60 31 24 69 35 35 52 43 19 43 44 33 47 32 73 25 21 32 34 31 21 41 21 37 31 42 50 26 29 29 30 34 25 43 39 38 35 31 25 28 29 26 36 21 31 40 28 23 27 41 43 39 21 43 43 55 30 27 27 23 21 85 39 42 40 33 37 22 23 44 25 47 23 37 33 40 27 32 29 38 26 29 39 49 22 31 21 25 45 30 23 32 33 37 41 28 34 32 29 40 27 43 31 43 21 27 23 44 38 25 22 26 35 19 18 33 30 27 21 16 18 44 43 35 39 43 51 50 41 28 17 31 24 34 40 37 24 23 28 38 26 25 55 25 36 38 23 37 41 35 25 42 51 28 36 30 46 35 29 25 34 40 31 28 25 20 31 23 16 64 20 21 35 42 28 30 15 62 25 34 68 26 24 22 37 29 20 23 31 29 37 36 24 27 37 23 29 36 33 38 39 39 26 28 42 20 34 30 26 25 28 29 47 22 24 32 32 27 35 26 40 36 31 28 35 32 42 34 27 19 34 26 29 25 18 30 32 27 23 41 27 33 36 18 20 26 35 39 23 22 33 27 58 45 29 24 55 43 31 33 16 32 43 44 37 22 54 40 24 16 20 49 54 41 27 31 28 25 19 36 36 44 24 25 39 31 25 21 37 31 34 30 30 38 26 25 24 18 32 48 21 31 29 34 32 13 30 28 34 30 16 31 23 32 19 25 34 25 56 34 36 33 23 20 30 26 44 41 27 40 24 24 26 27 21 31 24 49 27 21 21 48 33 40 27 33 51 37 31 44 19 23 33 21 28 26 22 24 39 33 24 35 34 44 45 23 26 28 33 
32.074
100000
36 26 54 42 32 53 16 33 38 53 92 36 53 29 43 20 42 28 22 33 34 25 22 20 22 20 38 17 25 24 24 29 25 27 36 28 35 28 31 28 34 29 22 55 41 35 34 24 35 28 37 40 32 21 21 18 21 35 39 40 27 30 29 31 37 27 23 32 37 29 20 33 30 23 27 31 31 46 19 26 31 38 49 29 44 28 46 28 25 35 34 27 27 28 36 42 31 24 25 24 41 28 40 75 41 27 26 41 31 23 41 29 19 38 31 25 31 27 23 26 31 54 32 28 51 37 35 38 32 32 29 23 33 18 32 22 31 42 45 58 68 71 39 19 38 48 30 37 48 36 31 29 41 30 35 35 26 36 39 37 43 33 32 20 45 48 40 35 64 27 28 28 32 36 43 57 30 29 75 19 32 93 52 27 51 28 36 44 36 55 24 43 25 30 31 36 40 46 29 48 24 16 42 38 36 33 29 18 34 21 35 23 19 29 58 34 27 33 21 36 37 55 32 33 29 40 28 34 29 56 30 42 23 37 42 43 26 38 25 34 29 25 29 29 36 31 28 36 28 26 28 61 31 35 33 31 32 24 18 30 50 32 28 38 28 29 35 28 35 38 26 41 22 56 36 38 30 24 44 22 28 22 49 29 28 38 37 28 22 42 25 50 35 26 45 41 31 43 27 23 43 24 52 23 27 21 38 53 29 24 53 35 46 30 25 37 29 40 23 32 55 34 35 27 48 36 28 24 26 37 30 32 37 32 31 26 24 24 39 29 38 43 45 25 24 29 21 53 38 27 27 56 29 28 18 20 35 30 43 46 48 38 31 22 23 46 43 23 23 39 34 26 23 31 19 32 26 31 37 16 18 36 38 28 26 38 23 46 24 25 22 27 29 24 34 28 46 24 33 26 39 25 39 25 55 34 21 22 32 24 41 35 33 37 28 30 45 22 31 34 26 26 23 23 29 28 34 24 34 35 29 23 27 29 46 18 21 36 30 41 16 23 30 29 44 35 40 15 26 15 37 22 51 40 27 24 54 36 22 27 24 29 37 58 50 59 24 39 26 36 23 39 34 35 22 26 45 41 26 29 25 16 28 20 32 36 25 24 42 33 36 27 26 37 50 19 28 30 32 47 
33.154
