500
69 23 54 56 73 74 52 21 61 33 41 65 23 60 18 32 44 59 63 25 58 43 41 40 41 51 63 50 38 36 72 55 72 60 105 60 49 70 32 106 29 67 72 60 21 71 66 63 71 57 33 49 41 27 65 74 32 105 60 83 21 45 29 59 27 30 37 44 14 66 56 40 20 84 50 57 94 60 63 14 36 42 26 33 51 63 75 42 44 49 54 28 30 86 37 33 62 55 37 51 38 24 59 49 41 30 56 62 65 34 34 29 29 42 75 31 70 52 23 103 31 26 66 65 49 20 45 69 64 56 82 69 34 22 25 45 54 111 41 80 41 69 70 26 17 79 51 44 44 31 19 89 60 26 88 125 49 93 68 31 21 31 23 35 70 42 14 90 34 66 52 76 38 33 44 15 76 34 38 41 52 32 55 44 21 83 26 121 23 69 30 44 42 83 28 52 65 91 88 63 65 82 32 22 52 36 73 46 26 76 46 21 96 66 52 39 12 39 78 38 80 45 12 25 30 56 113 60 23 78 51 27 19 25 26 23 76 12 31 42 59 127 59 24 54 40 35 35 92 69 33 37 14 23 62 44 54 14 97 27 66 25 47 40 34 71 43 77 46 63 51 32 30 46 13 58 64 36 73 31 12 86 134 13 69 38 33 22 23 113 41 60 54 42 42 29 43 23 82 75 23 48 82 122 39 41 76 34 25 28 49 73 46 119 26 31 32 15 58 17 62 33 33 52 49 64 44 27 29 16 42 21 40 71 55 27 42 35 37 146 70 112 63 60 33 46 26 24 47 47 36 109 31 54 66 65 66 137 49 31 45 55 15 74 45 45 36 45 61 50 76 32 30 55 25 20 69 10 134 32 25 47 89 26 61 25 41 68 50 74 63 51 10 27 74 16 47 70 50 26 36 41 30 114 52 61 57 33 152 112 34 31 85 67 70 113 49 32 61 40 22 40 22 55 33 95 27 37 31 43 31 33 14 37 78 73 31 99 42 139 26 69 45 52 29 38 74 81 49 71 17 48 45 32 38 71 17 78 50 38 45 38 20 25 42 47 50 21 29 37 62 33 21 67 46 11 48 28 81 30 39 54 53 40 93 73 29 23 86 47 67 38 26 72 49 32 77 81 53 62 
50.166
5000
47 132 163 115 127 100 77 76 88 48 58 74 96 60 53 49 30 131 53 68 84 125 54 148 79 97 41 166 114 27 78 76 39 65 55 31 64 44 36 50 22 160 20 41 33 45 144 52 119 61 45 43 24 106 22 20 136 76 56 66 123 51 96 69 46 32 47 67 57 165 39 47 53 86 31 72 78 76 98 104 71 24 28 146 109 115 68 60 112 113 52 29 70 55 146 23 144 61 70 109 73 81 68 68 113 106 48 46 97 144 27 71 41 99 23 46 27 82 39 33 64 26 74 33 20 42 52 50 27 51 78 30 29 35 42 29 25 48 35 62 22 61 60 44 28 106 200 59 39 66 15 39 51 66 186 37 18 71 101 82 50 49 20 85 87 70 43 42 131 123 60 43 26 54 99 41 26 106 67 48 59 64 35 42 33 37 63 120 147 93 61 33 54 111 135 50 113 31 37 58 37 19 79 43 116 85 60 20 29 94 102 45 55 58 76 50 154 31 83 95 71 40 19 89 52 59 113 35 86 126 36 86 55 115 52 74 25 92 46 134 39 35 77 127 62 64 20 26 42 85 93 139 72 63 59 90 11 22 40 112 81 95 56 98 81 35 73 79 68 36 69 112 71 46 62 39 114 13 64 91 45 49 69 48 55 30 38 75 100 99 48 59 37 68 45 50 104 150 54 60 101 46 20 101 200 57 68 45 117 70 12 71 58 120 72 24 20 182 92 40 120 59 129 49 55 59 106 42 62 73 80 91 25 125 116 69 171 100 65 37 38 79 62 75 153 92 69 50 122 49 56 78 103 14 66 66 56 193 67 19 84 45 133 39 44 130 60 77 99 76 42 82 21 89 39 69 100 63 180 70 49 53 168 43 97 87 133 143 75 91 45 77 53 59 72 21 105 111 109 27 46 172 38 126 87 80 53 65 75 117 32 41 53 55 64 97 43 86 22 24 89 88 95 37 28 80 21 81 51 26 99 78 63 45 59 37 62 94 42 99 129 107 19 30 58 46 67 151 90 41 112 80 120 29 104 212 19 64 63 61 86 150 24 37 29 47 42 31 78 116 64 62 34 53 60 33 122 46 119 111 38 84 85 126 38 93 42 130 35 93 40 38 84 60 148 32 182 117 38 46 
70.546
10000
41 59 58 145 95 102 37 117 142 45 26 103 48 98 61 120 44 103 51 37 106 50 120 104 49 84 62 60 33 92 54 69 56 54 69 18 71 34 130 113 133 73 83 73 67 81 79 31 148 57 103 153 16 72 78 124 65 70 63 53 125 77 59 35 48 48 84 31 176 180 82 33 145 48 70 61 74 63 44 60 95 52 100 21 182 64 81 157 38 95 38 28 80 205 119 20 205 187 80 162 117 90 133 91 68 45 120 22 146 36 111 41 59 82 113 20 39 101 48 90 124 29 97 37 58 66 51 146 59 35 119 65 18 87 107 20 84 119 50 80 114 36 65 59 57 56 60 75 41 51 86 78 79 55 75 70 70 100 31 133 105 98 26 59 31 36 73 40 125 210 161 49 61 77 38 55 187 56 145 254 48 79 144 58 166 75 44 28 137 136 49 76 60 37 57 47 152 130 66 138 90 111 117 73 176 48 131 39 38 194 95 26 45 73 92 88 42 99 21 63 65 61 110 120 140 42 54 23 58 70 84 74 50 33 84 87 104 41 33 165 61 57 47 28 33 51 114 46 163 96 124 79 37 21 55 73 79 105 39 38 103 66 57 68 64 79 83 88 140 51 75 15 132 58 74 90 140 48 71 38 89 35 163 13 40 60 87 66 31 105 80 75 76 90 144 22 93 112 117 58 71 58 123 89 99 91 38 43 79 47 29 112 55 46 130 160 75 42 125 34 64 82 152 131 22 68 113 45 80 95 47 145 86 99 105 20 148 107 103 41 73 121 71 37 77 109 123 87 39 74 128 92 58 85 79 56 35 24 54 139 76 72 59 75 32 71 49 67 108 195 77 22 60 68 104 127 61 46 30 42 66 29 159 63 140 68 28 78 58 89 86 13 24 27 114 84 36 110 46 51 29 32 43 71 28 77 106 65 68 29 23 27 115 50 141 62 23 114 91 77 140 84 146 30 24 68 63 110 43 134 129 91 110 30 35 40 40 101 61 88 26 240 147 98 46 71 101 150 64 72 89 214 106 33 175 146 119 94 108 64 70 91 88 90 110 134 20 45 65 100 174 40 111 128 33 73 109 100 264 82 86 70 144 67 155 105 74 75 51 85 57 78 132 62 128 29 54 58 45 35 
79.9
15000
84 49 142 18 50 73 21 103 70 76 97 74 22 116 41 72 16 77 54 60 41 36 185 32 35 65 72 142 65 58 58 90 63 93 66 24 44 71 71 183 115 101 85 59 133 139 82 74 64 49 131 213 103 76 106 77 93 129 109 162 60 149 128 37 84 221 78 65 47 105 64 123 144 108 90 117 93 38 125 69 109 73 189 63 87 106 82 54 138 100 47 63 54 25 106 83 79 87 87 47 34 43 114 77 31 41 141 76 63 69 61 34 96 93 102 69 63 114 86 114 64 21 19 89 62 50 97 97 48 69 153 78 35 28 157 47 171 29 77 41 61 98 78 96 84 41 97 67 111 126 87 55 88 58 74 96 52 156 85 19 144 59 119 79 60 44 65 44 37 66 124 67 41 108 150 56 109 26 109 90 58 124 90 61 65 106 92 48 58 204 32 57 55 101 138 35 70 44 136 70 128 77 62 57 65 129 63 124 59 107 68 51 205 127 23 82 42 62 61 76 92 94 150 112 52 29 55 116 42 102 23 90 39 49 28 18 99 94 33 140 70 65 116 168 61 80 53 168 63 68 39 100 64 83 68 103 49 75 74 84 112 38 63 40 65 85 85 67 55 90 72 17 86 99 37 44 86 51 77 130 47 54 87 75 42 90 77 35 109 201 33 23 62 25 95 35 71 16 67 186 45 66 48 88 99 114 170 42 49 160 40 53 157 57 102 126 82 131 79 117 111 55 83 43 34 125 124 105 68 101 41 55 159 72 27 58 73 117 124 123 75 90 131 117 48 87 98 75 45 72 92 84 84 86 139 123 39 82 135 48 117 60 44 50 26 87 107 22 82 80 50 98 85 56 175 78 93 59 89 41 90 77 58 99 105 63 123 113 68 77 78 54 27 85 110 88 130 117 89 74 130 38 116 86 85 136 113 42 166 47 42 57 125 33 77 94 73 175 76 85 72 55 217 134 73 132 53 83 63 192 85 78 35 72 94 50 160 120 138 90 153 289 54 116 94 59 67 189 83 118 28 114 63 65 102 139 71 77 82 151 57 117 42 77 125 49 77 35 53 87 34 118 71 97 30 116 83 134 45 61 132 39 62 74 143 186 86 89 64 176 71 61 56 66 155 39 65 72 141 85 
83.468
20000
70 46 102 48 89 126 150 41 128 93 14 47 128 65 126 65 43 35 77 132 92 38 89 101 42 130 53 177 73 60 111 54 65 73 182 25 110 107 58 63 42 43 57 100 80 90 163 160 130 149 154 112 48 21 68 96 22 116 52 83 191 58 160 45 52 144 102 88 103 86 93 62 78 47 62 39 170 72 115 53 83 60 35 64 240 61 22 76 51 67 24 103 36 230 124 38 133 127 34 73 60 51 65 61 259 38 67 163 154 107 20 134 95 118 70 117 27 62 53 48 90 48 107 35 59 126 19 56 161 290 81 54 120 93 185 72 110 61 24 46 89 107 78 62 110 67 67 144 72 82 128 189 90 19 52 37 70 70 47 110 53 85 181 65 62 160 113 43 159 91 45 66 49 67 25 31 180 101 186 95 97 132 321 34 117 45 69 102 26 89 43 59 50 51 52 37 131 106 155 41 71 83 41 62 81 86 71 63 52 47 95 68 72 153 119 31 106 167 90 87 58 56 103 81 41 73 140 30 143 43 30 101 26 79 41 39 153 37 37 100 71 93 122 65 29 78 139 82 28 132 100 44 109 71 62 44 21 117 30 59 63 125 107 32 77 87 70 50 102 118 127 62 64 66 71 34 56 47 47 194 39 66 62 65 70 119 64 73 116 109 80 46 70 144 66 32 109 215 86 68 92 66 44 120 41 68 96 37 57 53 74 78 170 45 78 55 43 118 71 70 25 60 27 93 49 37 50 40 59 144 63 110 72 61 130 129 106 31 95 32 91 39 88 68 35 109 149 58 114 145 33 86 59 71 73 56 55 116 170 131 33 67 56 141 60 130 82 49 138 45 104 57 60 78 50 20 83 91 94 60 70 27 203 75 23 59 55 41 65 138 33 78 82 19 40 60 107 105 32 133 55 71 28 49 117 19 74 96 188 72 30 50 105 159 181 26 30 100 65 102 78 53 89 67 74 47 90 95 96 93 149 43 52 91 43 31 90 77 17 76 85 58 102 70 110 111 72 79 54 178 63 57 49 61 87 35 69 61 71 56 98 27 87 59 40 149 50 62 45 151 28 100 27 46 60 17 184 71 135 150 26 122 37 59 136 141 92 92 98 45 33 51 73 153 46 45 109 72 50 100 
81.43
25000
69 89 100 103 76 77 130 76 89 117 84 57 41 102 91 77 26 81 93 33 83 49 70 89 48 107 103 32 29 228 99 71 128 63 131 52 36 84 52 63 47 159 34 43 61 102 76 66 121 89 36 54 54 74 85 88 66 77 80 28 24 82 91 104 25 50 86 50 90 38 101 77 79 40 29 96 132 29 176 29 56 61 185 45 174 38 68 39 35 102 22 32 78 124 87 122 69 26 118 40 67 16 52 72 133 146 74 83 224 33 67 66 146 67 15 69 20 124 61 47 77 20 265 74 74 152 88 33 94 61 67 56 29 114 71 27 141 94 101 112 110 81 61 89 57 67 176 188 37 204 121 65 37 111 87 76 90 43 81 88 63 80 67 119 135 161 94 29 48 143 54 36 74 72 72 59 95 55 67 77 46 96 46 70 169 38 27 48 155 31 62 62 83 33 55 46 84 119 53 104 61 94 34 88 192 50 129 57 67 90 38 73 94 36 123 83 34 119 115 59 85 62 93 61 68 137 63 85 122 96 14 63 48 112 102 87 100 136 43 32 67 69 57 56 34 21 118 36 28 36 44 98 43 65 147 59 66 142 95 116 66 36 60 42 31 173 104 30 34 47 61 62 29 55 101 61 127 46 29 72 47 38 130 150 107 84 85 59 43 75 54 48 61 111 108 33 112 63 100 67 77 55 119 36 157 62 82 126 77 80 22 127 70 85 46 76 85 56 103 93 48 38 110 195 106 67 65 70 71 219 50 45 94 149 117 104 95 33 29 20 26 100 37 81 71 32 35 43 55 112 136 112 69 37 44 72 49 136 29 81 49 19 105 84 77 67 130 38 95 190 109 88 71 37 102 60 76 67 121 88 39 82 92 30 33 53 42 112 62 33 87 13 24 98 102 95 56 113 39 114 131 37 91 65 42 146 60 22 84 53 32 71 81 52 116 58 34 161 126 89 158 81 57 218 33 40 34 34 124 85 92 178 72 138 40 27 213 186 24 63 31 151 92 54 111 64 90 79 49 253 91 203 59 28 84 106 48 88 41 75 74 89 41 120 48 41 90 75 159 145 70 75 20 123 63 68 47 127 112 26 98 141 61 58 102 127 107 107 80 82 62 28 69 159 203 65 103 38 111 170 
79.73
30000
90 63 73 60 69 202 58 91 121 45 26 16 38 48 132 110 37 49 104 21 85 87 34 50 42 41 30 102 94 110 152 127 60 156 35 63 149 139 74 207 68 188 121 76 66 69 27 158 142 48 49 57 117 35 98 72 71 50 97 64 60 144 84 74 53 108 35 66 64 63 47 78 20 68 55 32 134 26 53 93 147 91 118 118 121 63 24 177 83 161 35 37 142 98 57 21 50 170 45 59 184 85 108 95 117 49 144 87 69 89 35 45 35 65 48 107 66 39 26 56 91 116 52 40 59 57 32 36 33 100 79 50 123 66 87 51 118 64 86 68 65 143 122 45 86 41 70 146 69 123 98 148 122 85 114 157 68 167 187 47 184 51 31 71 52 44 103 77 107 27 183 48 86 68 18 105 66 77 160 84 121 30 77 62 73 90 22 22 150 129 23 83 82 122 53 78 41 70 29 125 88 64 54 31 65 97 67 104 112 59 97 33 72 86 72 83 18 100 60 31 108 61 57 44 56 57 112 97 91 43 86 132 73 84 194 70 94 57 50 71 79 170 55 63 109 89 46 41 73 154 43 39 75 61 52 50 50 119 201 45 152 85 59 94 77 99 74 46 49 176 78 52 80 52 33 61 30 43 43 122 113 45 96 43 132 92 56 66 34 43 75 45 69 97 54 79 104 75 159 68 48 35 69 31 58 87 173 96 79 53 36 72 154 51 131 69 25 94 119 83 118 43 110 237 74 44 124 44 145 106 124 60 120 34 73 20 156 75 134 81 166 42 126 29 127 69 119 111 66 28 41 89 137 89 53 78 82 160 102 26 155 69 43 149 42 158 52 81 83 86 72 50 128 68 56 82 133 61 318 82 64 65 86 63 73 19 38 162 75 24 85 70 81 47 159 18 97 120 99 129 198 35 83 36 58 158 57 118 117 64 131 43 135 33 124 118 69 75 43 108 118 107 65 98 21 57 43 107 51 202 78 143 113 185 53 78 140 217 68 37 129 182 60 171 143 92 65 100 103 109 87 115 78 137 68 64 84 119 25 70 73 75 31 37 104 65 32 68 56 57 39 52 175 101 68 66 62 79 78 158 124 44 84 104 24 88 43 105 57 79 43 72 83 205 102 113 89 34 166 140 
83.684
35000
72 97 53 103 144 54 43 84 108 69 99 96 163 140 197 88 54 186 63 72 98 19 75 149 26 172 56 83 48 185 118 63 138 85 144 76 85 47 49 38 59 93 100 21 94 46 100 53 92 38 88 85 64 24 154 146 119 52 64 61 158 120 79 45 52 43 86 118 156 122 57 55 75 93 82 47 90 37 124 54 133 40 88 42 143 25 26 92 82 79 43 53 90 123 120 44 33 82 79 59 78 98 84 152 83 28 138 101 128 28 92 59 106 37 98 70 41 128 67 64 65 103 71 47 44 153 30 73 110 28 100 69 101 89 77 104 107 94 100 53 56 128 36 56 87 90 161 73 76 89 44 119 88 158 40 130 47 100 70 139 75 74 39 95 72 97 83 53 75 135 144 94 62 71 94 78 124 81 53 115 107 28 115 114 94 78 108 100 56 86 29 65 51 39 80 36 66 171 239 82 41 32 65 29 96 54 90 180 229 116 38 110 68 66 54 25 87 118 80 71 95 106 99 93 112 24 139 139 76 43 159 59 97 31 142 22 191 37 61 91 32 109 102 92 97 111 122 107 61 26 107 38 60 58 44 125 43 58 57 77 89 58 29 154 55 113 53 83 86 126 21 35 50 93 59 50 135 74 86 58 89 81 57 71 82 38 49 120 68 147 63 59 30 76 29 31 219 77 86 53 80 137 35 48 129 139 98 79 155 90 71 127 119 123 131 152 30 147 70 180 120 42 131 191 61 125 72 44 126 46 75 71 67 61 98 47 42 81 59 226 98 126 55 79 177 63 120 112 78 29 40 132 34 35 91 59 80 68 52 92 237 123 48 66 132 82 70 28 124 147 132 35 53 108 95 74 56 72 64 72 71 49 178 40 33 81 66 71 29 37 107 53 65 134 117 17 180 66 51 77 117 58 64 117 66 132 93 41 198 141 34 50 102 115 154 90 81 141 86 135 35 28 24 71 61 39 119 47 104 82 80 67 76 140 96 69 153 66 24 130 75 151 100 137 116 88 201 78 180 108 122 123 45 28 128 112 80 47 121 71 85 82 98 39 51 145 109 42 42 102 168 62 55 39 45 122 109 111 188 52 120 86 97 44 46 109 90 151 18 143 47 39 35 86 66 40 117 50 128 21 
85.656
40000
70 57 105 34 125 75 122 170 27 72 25 59 51 41 25 61 63 109 90 116 31 54 53 66 115 128 71 134 119 27 102 42 105 39 166 128 85 42 47 52 119 142 89 114 98 37 64 55 189 61 97 125 37 18 122 63 95 105 152 92 64 73 64 133 46 143 95 94 67 113 54 56 45 52 73 109 79 13 191 27 116 51 91 105 164 82 94 190 39 74 73 49 158 87 55 27 120 23 103 170 95 73 81 62 164 50 61 75 30 68 81 90 145 49 31 144 56 56 64 54 94 78 169 110 83 169 36 80 64 53 32 72 154 53 148 22 56 68 75 102 150 163 102 113 69 34 34 66 30 129 114 51 91 86 71 201 18 136 89 73 72 89 165 57 77 56 130 61 154 96 116 80 65 116 64 82 61 26 94 67 91 82 79 72 35 65 112 113 43 58 34 73 40 148 145 24 118 104 60 40 53 83 180 76 111 100 106 128 116 206 109 22 86 47 146 86 84 120 56 182 149 25 152 74 31 217 80 91 165 133 72 25 76 41 119 86 39 92 59 74 131 118 77 122 92 68 79 39 122 93 30 99 94 117 209 28 38 73 168 98 69 68 69 139 66 155 62 74 80 211 92 44 67 39 60 42 181 72 121 85 91 61 92 69 139 56 85 201 32 160 50 19 94 60 44 60 111 115 113 87 129 70 89 117 87 123 165 191 57 60 37 20 43 53 38 79 63 141 63 36 131 98 90 76 43 163 78 22 143 48 52 72 92 88 116 13 26 76 35 47 73 77 145 34 43 83 88 116 115 38 118 73 20 69 41 159 55 172 131 132 126 112 76 157 139 127 90 49 140 140 60 83 90 28 37 46 61 36 162 103 53 39 108 27 169 59 20 129 93 104 47 26 44 92 76 23 83 265 66 149 71 130 102 29 62 106 81 130 161 193 66 54 97 38 98 58 37 229 62 60 32 57 81 51 30 94 101 66 90 116 174 59 116 71 66 50 32 65 112 109 52 59 137 21 61 56 185 176 73 25 73 33 89 73 101 115 27 130 190 75 49 52 28 129 92 130 35 68 80 131 46 56 33 129 93 73 94 83 101 168 140 71 66 95 67 111 103 93 110 282 122 44 52 158 120 41 90 153 158 115 
87.262
45000
80 90 32 52 127 94 93 128 111 95 86 68 84 84 88 76 67 97 24 127 43 44 78 34 49 44 34 86 72 205 166 143 79 51 61 44 102 149 42 179 71 176 75 161 124 127 140 52 42 99 81 158 67 79 98 28 71 58 92 73 90 171 73 51 41 60 155 68 42 61 176 110 36 77 117 71 137 39 78 60 39 117 85 112 56 34 129 145 63 65 68 38 31 198 75 45 74 86 56 99 61 25 45 58 96 43 93 215 33 119 29 28 42 39 99 67 67 176 104 73 36 58 167 71 64 66 93 38 73 63 96 72 107 63 128 43 63 126 99 42 169 77 53 120 57 98 242 184 65 81 112 94 29 55 51 153 69 110 112 115 219 119 193 172 93 62 48 44 29 88 45 70 46 30 33 42 92 39 151 64 121 101 67 119 115 39 41 63 86 121 47 54 160 70 47 53 88 111 78 51 60 28 76 70 68 105 111 38 67 65 73 160 140 47 118 80 106 131 106 33 99 93 107 117 44 53 138 38 51 36 64 47 98 59 49 67 71 32 23 23 127 86 75 67 96 91 40 100 165 90 96 160 48 68 203 116 104 83 41 64 132 240 42 62 73 92 113 57 273 171 70 36 76 75 57 156 60 47 141 64 25 47 130 109 38 78 105 62 33 28 102 89 101 49 40 38 60 193 152 80 139 52 94 177 141 71 135 65 84 60 22 107 83 105 36 65 72 65 26 65 92 76 76 113 32 117 80 33 34 27 74 146 112 56 165 45 25 60 79 250 41 45 42 108 71 117 45 166 119 42 88 44 84 35 50 48 86 108 69 95 163 67 102 52 81 52 89 67 120 63 106 99 48 61 65 73 111 157 84 34 171 118 49 29 109 78 72 86 92 87 41 35 59 162 136 91 39 53 71 46 82 120 133 63 136 89 66 75 146 59 34 69 91 139 66 74 49 90 60 112 115 93 63 127 19 216 66 70 72 118 29 60 143 49 54 103 119 55 112 83 97 147 25 165 97 116 105 126 154 190 136 83 59 49 232 245 26 85 57 95 148 163 38 57 54 78 70 97 134 43 121 54 87 75 61 126 92 52 48 74 55 193 26 39 183 117 108 109 97 93 48 76 41 51 81 85 51 89 108 56 
85.83
50000
142 51 29 97 50 111 74 87 33 63 54 57 134 81 27 56 93 24 65 24 73 139 129 94 42 77 80 80 116 157 125 126 53 27 38 66 154 80 82 87 24 38 100 69 45 76 161 135 65 63 63 123 64 49 93 143 35 70 56 73 106 114 89 117 92 59 107 23 107 38 100 80 56 106 64 38 159 97 128 39 66 63 75 148 116 80 45 132 133 213 45 43 36 173 145 95 109 83 153 115 21 31 125 80 147 97 62 77 87 99 37 73 71 57 62 33 49 57 56 113 180 104 58 156 113 168 65 109 158 30 128 127 29 64 116 84 74 70 62 219 77 78 65 43 162 162 147 128 43 234 33 184 53 66 24 39 85 99 86 28 62 48 96 82 33 35 114 44 184 130 55 104 104 136 112 68 71 72 178 110 98 54 161 58 132 108 47 61 56 155 25 49 74 28 67 65 92 56 75 37 22 77 177 75 27 118 71 58 101 36 57 57 109 48 112 39 51 106 52 41 43 72 181 79 32 35 80 35 51 111 57 104 96 52 140 47 108 52 131 135 91 82 73 81 120 146 27 186 102 121 88 66 74 112 141 43 87 92 133 93 183 82 75 70 49 143 98 130 23 67 125 46 39 78 53 144 84 125 125 68 131 86 131 95 109 62 122 146 92 147 121 116 28 68 39 21 42 63 102 138 91 112 63 20 152 173 115 136 110 70 61 136 52 56 45 116 121 113 75 60 157 64 152 113 60 112 101 83 202 87 82 87 63 102 163 84 66 107 132 77 59 149 89 152 76 93 130 106 58 98 63 154 28 106 50 45 81 134 77 38 105 89 73 36 48 86 84 95 34 33 50 105 49 56 76 20 45 112 72 45 104 54 189 67 130 37 123 66 152 57 34 39 63 103 44 54 105 141 185 76 87 43 100 131 363 131 168 30 122 48 114 31 54 42 99 101 81 259 50 74 107 159 111 129 35 81 95 22 140 171 127 40 112 80 114 84 88 24 71 109 162 238 99 57 91 53 106 82 105 51 136 38 83 32 62 70 51 86 42 122 35 109 51 69 86 121 77 75 166 125 118 38 31 43 57 43 87 102 38 46 154 114 66 50 131 51 108 75 118 108 106 61 65 141 72 25 214 88 46 81 
88.01
55000
152 83 60 77 108 58 178 174 48 49 130 62 88 65 72 121 71 38 96 165 113 89 74 97 28 36 139 40 69 269 37 100 145 61 87 151 114 204 62 57 50 309 90 100 120 182 55 70 48 41 186 89 40 38 72 73 104 85 85 57 89 41 55 103 81 61 62 89 72 47 173 54 29 92 57 110 189 42 130 84 84 148 100 77 134 36 40 60 114 163 72 52 158 140 100 97 99 65 92 131 91 74 34 99 167 78 171 86 124 32 83 59 173 24 84 156 84 29 51 59 226 101 164 55 32 144 132 78 71 69 146 119 88 37 87 49 165 121 89 99 59 126 28 51 166 39 83 108 70 140 134 71 66 75 98 31 114 102 120 120 109 163 60 28 43 42 81 58 124 105 161 38 71 78 106 48 32 93 109 91 182 85 98 72 115 149 141 108 71 41 118 85 81 141 71 40 75 40 136 77 80 104 99 92 167 47 126 85 76 99 137 99 142 49 114 57 52 92 156 99 162 102 204 54 68 42 145 84 61 111 68 66 176 20 88 105 43 61 69 34 99 100 82 118 89 88 85 48 186 169 59 168 37 64 62 24 77 97 116 75 140 108 65 90 41 65 78 33 115 26 100 40 122 64 50 44 89 61 49 94 76 102 97 74 47 98 167 69 116 173 24 14 20 185 44 96 230 127 75 91 44 111 56 94 72 86 101 173 80 106 34 56 41 50 71 86 97 64 86 76 71 88 130 58 79 46 35 19 90 72 126 83 55 141 66 89 110 41 120 211 55 120 113 47 174 44 127 86 45 73 99 115 111 64 74 120 50 126 152 140 110 40 31 56 69 103 76 39 121 131 118 89 60 90 43 43 52 95 182 23 91 128 97 89 73 130 92 82 101 51 26 65 20 196 242 48 78 52 63 110 43 46 103 52 85 66 75 103 81 111 133 15 170 67 44 83 69 51 68 49 136 90 61 49 101 80 187 65 162 181 42 98 59 51 106 43 166 55 28 25 97 71 45 59 67 94 146 90 45 98 43 61 93 80 106 97 137 88 144 67 42 35 105 158 66 62 137 72 96 189 162 108 88 94 110 62 67 49 180 42 51 45 62 130 78 76 43 130 62 48 31 57 38 228 75 53 86 71 115 179 
89.64
60000
79 81 29 119 59 208 89 177 58 291 65 98 71 52 90 76 47 75 80 117 53 90 154 177 42 57 39 42 16 78 30 68 140 96 52 19 131 110 110 83 94 107 91 47 124 66 149 187 77 25 64 158 40 64 65 119 25 58 42 57 88 69 145 155 89 96 96 17 48 88 138 74 39 55 24 47 55 66 76 125 98 43 36 61 46 103 84 140 39 131 146 60 97 96 82 61 50 129 93 46 115 70 40 118 186 217 115 83 57 39 53 41 112 108 96 98 122 96 57 165 102 75 234 144 57 104 70 128 81 212 107 40 139 87 63 33 26 89 29 95 96 151 40 127 34 140 193 63 43 99 108 61 62 73 69 101 86 138 74 54 92 132 65 121 53 37 97 115 38 107 109 43 14 43 69 59 61 68 211 124 147 95 83 79 60 55 101 110 111 166 28 59 121 158 64 17 61 67 110 133 43 16 76 129 254 108 127 172 66 101 49 129 75 109 47 167 52 68 80 103 176 67 78 106 17 78 129 63 41 89 87 66 90 35 117 33 23 113 70 78 30 95 118 184 224 162 42 195 64 127 95 79 66 29 41 33 27 50 292 87 38 120 34 85 111 87 90 73 79 53 82 44 31 56 121 85 51 61 148 59 43 54 37 47 119 159 172 69 64 121 92 63 126 86 124 56 71 69 64 64 71 44 83 56 88 106 81 99 196 210 45 96 52 46 86 96 66 134 105 149 40 42 155 54 81 15 36 91 147 37 122 167 50 57 158 66 115 220 59 59 52 141 59 51 41 51 221 148 121 65 57 192 64 54 77 48 88 146 45 136 105 68 209 99 75 66 86 44 53 92 68 99 104 70 109 88 145 44 135 44 139 77 132 24 162 54 51 103 111 118 66 89 87 186 54 23 66 47 81 94 66 56 92 90 267 70 128 125 183 69 64 46 156 77 97 36 80 43 73 34 37 78 56 34 17 82 48 165 114 49 45 35 29 85 100 134 84 54 36 120 22 262 28 101 84 36 69 86 126 33 196 61 79 80 76 44 74 163 97 53 46 135 41 138 47 88 84 54 98 62 65 55 74 122 114 48 91 42 68 51 98 101 186 85 146 101 86 201 91 196 66 32 82 75 102 72 139 242 108 139 
88.82
65000
89 132 92 78 24 119 170 157 100 83 122 59 66 70 86 111 42 84 49 80 99 39 74 65 75 171 73 66 36 42 191 109 139 94 125 35 37 84 34 50 69 129 150 87 99 96 42 24 37 166 32 162 108 66 98 112 49 148 83 91 85 92 66 210 87 107 63 24 71 89 165 147 47 85 54 99 132 60 200 54 71 64 100 84 39 69 96 54 35 96 28 30 57 97 141 51 122 156 123 104 101 38 127 93 76 46 176 58 134 102 63 28 121 73 145 25 64 34 93 102 96 39 67 52 51 125 39 96 109 99 50 181 84 90 116 58 81 48 63 165 72 135 104 110 31 184 107 77 106 80 78 104 74 45 109 88 79 108 73 110 65 97 125 94 59 155 75 57 36 109 90 134 41 62 56 26 144 111 128 80 104 253 130 74 111 120 65 61 104 51 59 32 131 187 32 72 72 118 90 179 99 126 35 66 177 84 187 34 122 22 49 62 137 47 47 67 55 95 96 105 162 92 58 63 23 159 151 62 54 93 60 56 82 54 101 82 108 95 47 108 108 53 129 82 127 117 88 94 39 140 179 37 88 25 83 117 22 212 94 46 103 42 34 40 74 139 71 77 54 72 149 52 92 166 33 43 394 129 75 57 78 68 117 52 70 166 59 34 81 179 64 33 64 73 196 79 118 213 82 99 89 127 61 129 94 105 47 58 154 158 37 71 78 121 155 65 60 111 37 53 59 83 103 66 28 135 78 68 65 175 26 99 63 78 218 46 80 84 109 154 108 61 122 81 144 236 121 180 107 43 108 76 104 51 136 102 24 153 88 45 219 185 52 137 77 87 92 134 53 44 73 150 83 64 50 100 138 46 157 42 91 63 128 37 53 76 54 114 38 96 36 57 89 50 85 71 124 111 61 101 70 92 142 96 73 45 132 138 64 57 47 81 142 54 74 151 24 203 107 62 131 55 127 146 40 102 71 39 129 119 131 131 80 77 30 100 127 120 95 105 88 112 69 159 153 40 45 60 147 162 108 138 79 125 91 199 42 58 140 83 171 134 74 39 67 101 105 73 151 98 234 28 58 39 75 49 68 53 159 146 198 42 85 102 49 71 43 98 46 124 87 87 65 67 103 37 104 89 113 179 
91.8
70000
71 107 126 119 75 51 91 200 99 44 36 70 148 50 142 97 114 100 76 74 64 110 215 31 32 79 68 137 80 78 55 87 116 133 60 55 139 26 133 71 80 98 137 74 91 72 47 49 239 152 244 83 114 54 126 49 60 23 183 54 84 85 99 153 84 157 56 37 69 126 193 75 187 99 158 20 201 35 99 85 59 59 101 47 50 70 102 67 103 176 67 131 51 77 75 27 85 83 33 50 58 112 17 155 36 143 232 157 111 43 75 76 45 30 163 46 42 37 51 123 132 105 65 118 75 44 54 28 56 176 32 174 96 74 38 23 191 67 20 62 68 50 29 91 156 39 152 203 99 77 84 70 46 83 138 63 97 147 47 126 35 170 93 59 52 106 61 150 136 51 119 129 23 56 100 50 33 44 129 41 131 100 107 51 155 89 72 124 115 86 36 104 127 172 165 25 79 102 48 202 94 56 72 79 109 39 81 174 58 113 23 125 96 67 167 29 74 118 38 57 79 82 44 113 33 167 123 59 84 62 80 82 97 63 84 64 177 79 65 122 68 45 90 113 204 107 89 127 130 69 95 57 90 62 209 89 79 65 61 190 32 65 78 67 22 140 40 62 59 145 185 57 106 56 73 138 61 57 61 113 58 149 66 103 94 89 109 93 48 110 42 74 90 52 110 33 59 117 52 75 37 24 104 87 114 130 75 47 52 92 46 85 36 84 80 108 80 63 122 68 140 70 75 64 29 120 29 202 225 82 89 100 107 183 205 108 204 41 82 109 125 27 124 66 57 89 50 147 67 153 68 49 75 28 160 201 74 49 49 58 85 101 57 51 62 62 102 84 102 170 70 145 108 54 89 117 265 138 195 117 88 134 28 63 106 105 60 111 85 60 79 33 132 142 66 42 97 42 96 56 25 53 65 98 140 86 75 32 138 126 56 78 70 29 174 91 64 65 44 130 121 156 91 59 20 73 48 109 53 154 59 30 87 27 64 104 74 78 38 131 159 167 31 196 44 127 176 121 45 151 137 87 57 37 107 48 28 69 102 101 95 52 118 111 60 155 123 55 110 25 151 80 76 82 52 100 143 39 138 73 86 90 102 74 47 27 106 132 96 98 105 52 58 77 148 41 41 30 178 56 
89.968
75000
67 64 37 132 171 119 126 75 136 38 27 30 163 95 139 67 23 135 152 73 76 77 105 87 79 99 113 67 19 67 131 92 140 55 90 73 190 148 37 91 94 158 72 160 180 94 96 60 100 193 188 126 100 89 181 84 81 50 114 131 78 75 111 85 134 159 61 39 111 93 103 97 105 53 40 57 109 78 104 104 58 41 110 89 82 129 34 30 177 136 32 37 80 58 99 34 94 203 97 46 67 76 177 95 69 81 151 225 160 57 67 66 68 107 202 88 61 82 37 107 61 82 61 208 67 138 153 39 146 86 85 123 112 28 78 70 57 105 179 140 96 88 58 219 79 157 90 82 109 111 82 64 149 76 163 82 150 62 38 96 85 157 70 107 63 95 92 147 62 129 62 126 86 78 73 45 185 112 80 32 35 31 86 72 95 84 94 170 96 53 51 30 20 145 105 56 104 59 76 72 101 79 103 120 62 49 222 110 249 109 67 43 140 48 152 42 39 114 72 137 193 144 55 79 43 152 106 111 80 93 69 170 102 158 145 38 113 67 143 178 105 47 78 99 104 83 91 167 81 103 112 79 137 21 135 73 63 91 79 99 118 76 60 38 170 86 119 91 146 137 135 49 117 77 47 95 256 70 130 108 90 85 34 111 127 84 169 68 92 41 140 60 57 136 148 55 210 122 77 225 148 65 145 148 158 47 40 48 66 76 59 71 30 29 75 82 95 48 40 64 74 39 98 128 42 32 24 96 98 42 39 129 65 48 148 80 172 119 73 49 151 155 114 57 123 184 39 42 83 176 88 161 77 31 65 63 174 267 135 110 147 189 59 118 91 58 46 79 128 102 63 56 79 123 128 50 88 94 135 79 124 53 86 68 238 43 83 104 172 107 135 36 72 261 63 132 136 117 165 66 56 54 84 37 24 58 79 149 64 88 80 50 119 73 57 196 43 43 72 73 103 80 70 116 28 51 66 46 90 54 61 53 141 126 104 55 97 152 69 104 87 194 67 158 29 140 55 139 68 128 177 93 34 27 90 73 57 135 84 49 44 51 89 62 47 105 74 56 67 63 87 92 87 41 62 146 53 117 84 48 35 80 117 67 150 80 78 122 62 68 61 49 42 30 46 114 50 27 44 35 
93.856
80000
106 50 35 24 33 42 85 153 132 82 66 48 23 46 111 38 48 33 88 44 89 91 75 155 122 95 187 26 87 151 102 71 133 47 137 105 104 67 38 31 107 206 65 98 312 92 141 84 103 152 68 93 43 89 137 83 102 115 110 39 130 74 134 67 123 52 138 95 103 100 47 130 47 128 38 100 167 71 75 151 190 148 33 32 148 76 94 88 127 113 25 48 48 78 81 95 42 63 150 100 46 57 99 76 42 64 175 153 48 110 26 68 107 42 110 72 54 56 83 103 114 24 45 35 52 50 65 46 93 77 120 81 59 53 107 43 144 84 145 80 117 65 68 215 100 194 61 150 67 62 38 114 82 150 145 100 24 155 60 38 80 54 35 106 66 61 51 85 214 111 169 59 76 136 55 76 211 73 65 125 74 77 79 91 127 53 114 74 153 51 23 79 117 68 132 98 138 54 33 100 87 38 207 92 124 108 158 94 86 107 48 35 81 88 231 48 40 91 91 76 93 21 119 67 42 123 101 51 110 57 105 104 103 49 96 34 191 96 81 98 75 115 75 160 77 130 37 95 65 97 57 292 35 81 133 24 117 179 61 88 104 99 84 56 129 157 32 63 73 55 75 95 155 78 170 31 147 90 58 51 126 50 109 82 242 24 50 62 141 159 52 56 54 58 72 19 26 53 110 116 93 111 107 91 135 68 77 57 124 118 128 88 49 110 60 57 82 40 82 70 134 87 136 107 82 89 38 48 97 143 50 82 45 45 107 41 167 83 67 49 32 156 84 131 50 32 163 260 51 118 88 190 53 54 63 67 85 198 88 58 122 153 78 166 155 135 49 57 108 120 117 119 31 86 49 116 156 25 96 87 42 37 158 99 115 71 70 82 103 74 86 51 73 270 117 72 251 57 80 162 25 117 89 65 51 169 61 82 88 40 51 38 94 77 149 87 103 51 41 126 146 68 207 65 103 61 57 91 129 59 76 94 32 61 67 59 157 63 20 169 96 118 68 105 20 117 174 37 89 109 25 76 37 31 100 36 50 47 75 39 125 75 144 146 54 55 66 48 82 208 92 114 50 68 28 102 203 57 61 75 130 49 172 38 138 121 83 96 69 199 20 17 57 51 33 61 101 44 68 30 
89.796
85000
38 125 61 191 105 53 85 69 33 24 167 125 39 199 105 83 43 139 65 101 74 57 69 35 66 145 20 29 64 41 92 84 83 84 54 129 82 81 93 160 63 49 38 75 108 97 98 75 125 131 43 116 70 62 116 189 52 143 107 81 70 42 121 76 62 102 68 82 36 134 147 84 139 77 28 132 31 41 56 69 97 98 96 81 127 76 119 88 102 135 52 40 24 174 52 57 165 68 107 83 93 39 47 121 135 80 146 70 54 33 93 45 49 68 61 76 107 103 125 93 39 43 79 99 27 71 85 95 60 139 63 168 113 73 18 46 90 80 68 283 160 59 156 106 72 122 223 71 164 73 66 119 85 135 60 92 55 70 104 75 113 153 43 66 78 121 71 84 41 62 39 72 57 89 133 87 222 74 121 108 144 149 44 37 82 58 49 32 42 125 112 117 103 128 114 32 150 201 24 55 56 117 150 179 107 96 96 57 162 58 82 93 139 78 32 78 107 87 87 75 171 162 141 114 23 104 121 128 146 117 71 93 30 28 56 26 55 62 94 24 42 70 57 25 133 130 39 62 102 191 24 150 63 103 95 142 70 196 92 43 112 74 101 147 50 115 17 97 164 158 70 120 105 72 145 41 137 42 144 56 90 73 190 53 68 113 60 81 127 36 85 32 58 85 124 85 74 120 118 111 60 86 77 39 65 63 126 112 77 93 48 46 90 79 74 99 35 151 77 170 169 156 40 127 60 81 120 93 34 130 112 123 65 36 100 94 119 73 31 45 42 194 44 93 55 163 145 107 40 68 41 113 65 118 183 36 89 119 108 95 77 29 103 111 50 63 67 58 94 107 163 28 65 39 57 49 86 77 139 73 35 67 85 43 104 59 104 163 40 191 79 20 101 182 125 36 45 145 75 75 66 41 70 135 84 142 89 93 218 33 97 39 54 122 149 111 81 46 41 41 148 39 123 49 51 133 44 38 112 102 35 222 102 164 106 47 104 82 54 85 19 119 29 79 70 74 79 142 104 148 90 261 86 99 80 72 140 42 88 83 49 78 75 34 38 52 171 81 215 128 48 136 53 152 56 20 104 60 37 69 126 36 146 52 136 46 67 107 45 74 82 45 67 157 114 26 134 114 86 109 
89.296
90000
28 53 125 120 89 201 132 149 91 61 56 77 86 50 207 95 69 45 74 38 109 47 107 72 24 131 48 55 24 54 68 71 36 71 205 53 133 41 101 172 101 125 86 148 95 23 161 91 164 42 63 95 100 70 35 118 70 250 63 71 133 25 74 110 99 105 127 82 203 98 53 136 116 84 65 84 200 103 172 46 78 125 185 33 204 41 39 101 230 52 80 66 63 90 198 23 76 63 71 108 157 139 86 78 136 85 24 142 73 77 64 143 33 115 187 122 101 113 38 47 54 120 186 110 41 82 173 28 70 86 108 40 93 106 63 101 35 104 21 108 83 212 48 78 119 90 73 55 151 119 59 126 83 27 25 109 63 115 142 104 113 104 139 50 37 127 74 88 192 181 80 38 77 118 131 74 83 49 150 68 129 97 45 45 64 73 30 89 70 94 48 104 161 70 54 35 123 169 83 50 74 75 80 93 102 86 129 113 106 43 56 134 34 116 54 99 73 92 37 88 79 127 98 62 12 109 127 121 180 140 80 129 108 94 32 37 122 105 89 104 110 68 104 55 213 54 85 90 78 100 74 114 118 51 111 65 99 78 142 51 223 123 94 55 75 135 78 39 145 71 119 121 89 146 116 157 82 84 76 63 53 89 66 48 144 46 142 98 57 131 29 46 61 64 47 62 41 52 151 62 86 57 81 114 108 37 31 78 86 126 57 159 173 204 114 76 71 126 193 95 176 71 81 90 31 182 50 129 72 87 38 66 20 74 105 102 78 93 40 64 161 46 80 79 114 54 76 142 75 187 137 31 36 89 83 123 36 268 81 25 57 60 86 145 60 57 63 90 114 98 29 100 80 109 49 49 45 25 66 126 95 110 82 126 71 41 80 101 65 83 27 47 76 63 65 42 85 96 130 122 50 57 110 98 76 48 159 80 91 127 64 59 147 191 210 159 59 76 126 88 137 78 79 50 111 91 100 76 68 282 173 100 116 54 106 115 108 120 136 113 42 222 116 112 79 55 138 132 75 115 97 228 111 111 84 127 57 109 71 57 93 94 60 49 84 186 40 133 81 125 138 118 45 103 48 73 100 64 159 89 133 44 51 93 135 103 46 82 133 31 74 94 81 168 206 46 84 119 197 144 
93.732
95000
67 64 75 96 47 66 177 79 50 95 29 24 189 67 107 133 98 104 84 55 95 91 106 68 44 164 79 148 48 63 40 136 55 113 127 79 132 127 166 72 56 45 104 44 27 192 117 131 154 96 55 74 118 68 146 130 87 188 113 132 33 74 147 154 52 52 85 96 111 87 110 64 168 77 64 33 84 33 115 112 31 124 38 24 132 61 135 72 43 250 70 81 46 216 86 44 90 66 106 180 172 51 57 92 68 43 94 144 111 92 79 57 95 36 76 70 27 36 55 99 133 49 79 87 61 139 60 21 206 109 28 128 52 51 163 28 215 57 185 136 66 238 109 89 92 60 40 105 83 42 115 62 77 37 106 84 120 60 151 75 53 176 42 155 155 111 122 93 179 112 180 52 68 59 64 46 136 83 77 30 90 197 88 56 117 67 62 97 109 101 32 69 66 67 66 31 30 119 89 79 109 78 51 47 164 116 94 167 192 120 37 120 70 34 39 121 126 99 116 221 217 65 51 108 33 101 61 30 77 107 96 74 30 77 95 68 104 85 128 163 75 156 115 84 126 62 131 126 35 94 108 67 52 91 192 103 43 110 59 52 80 170 80 131 135 102 104 27 79 62 57 62 59 119 119 44 93 188 140 45 25 30 47 62 51 81 51 52 106 211 56 93 63 50 38 30 36 40 34 31 49 44 92 217 146 42 152 72 62 26 63 31 118 126 116 95 151 75 112 48 89 178 86 105 32 190 38 95 128 82 134 175 49 91 44 90 62 43 65 89 145 118 104 72 131 103 163 104 61 154 54 50 63 115 49 96 100 140 127 192 187 34 61 90 164 111 62 67 111 44 140 33 39 117 55 99 123 81 80 171 57 30 126 63 125 149 76 119 100 105 87 124 79 85 98 69 214 104 81 67 33 52 39 113 35 61 167 154 79 103 66 50 114 155 136 114 49 162 91 95 129 35 207 102 48 42 39 56 132 162 84 122 81 59 53 84 143 117 61 103 41 156 122 139 144 131 54 70 72 212 127 62 60 49 130 68 61 74 67 40 47 59 64 133 30 30 65 129 194 62 78 54 82 34 52 136 108 115 114 104 86 130 107 60 54 100 71 93 112 190 43 18 57 115 94 51 131 214 117 97 
92.24
100000
129 145 96 112 63 136 116 140 112 105 126 92 68 67 118 41 75 101 58 53 195 88 140 64 114 128 71 81 49 52 42 125 85 59 139 89 216 61 100 109 107 36 69 85 59 108 157 47 54 102 181 113 56 40 135 87 158 270 88 75 89 132 26 203 106 47 193 72 32 61 266 103 54 131 125 106 136 64 196 103 198 44 57 151 133 35 28 94 33 97 46 36 24 153 89 27 51 91 169 197 92 92 87 39 88 126 38 48 24 57 32 77 60 118 94 118 56 94 49 94 119 62 130 106 73 107 91 43 99 84 50 118 129 43 47 54 125 89 117 87 104 102 125 91 44 68 121 119 121 86 157 96 98 51 171 125 54 66 86 156 129 90 37 122 57 61 72 78 92 82 108 33 53 57 51 39 145 41 102 55 51 81 141 68 27 48 77 124 182 130 83 103 80 68 35 99 34 156 147 92 82 131 41 48 83 67 107 46 66 74 54 41 99 87 199 92 109 73 90 59 126 85 58 91 33 59 71 47 65 182 39 83 102 75 103 70 63 145 30 148 96 153 47 158 69 117 102 148 56 119 108 94 75 46 177 59 63 183 206 81 259 53 154 96 87 76 69 50 56 136 29 72 74 90 66 66 157 59 97 118 64 96 34 113 104 117 147 171 69 76 45 34 113 109 187 35 56 53 29 297 133 57 48 62 59 52 36 44 31 104 55 64 218 111 44 44 68 35 79 97 44 45 155 48 61 95 159 155 48 85 109 76 150 126 52 53 58 68 81 41 48 101 75 223 41 49 94 66 123 45 165 49 85 50 48 88 37 57 80 149 110 50 131 98 64 79 87 91 95 114 60 52 95 141 96 47 75 50 101 84 111 45 109 50 101 37 93 62 60 126 110 89 79 82 94 56 101 108 61 42 41 65 37 73 34 87 128 40 159 103 33 88 124 32 130 35 54 49 95 106 117 99 67 114 134 30 95 32 90 28 66 94 72 53 104 49 120 85 139 167 105 159 125 104 113 152 121 130 51 136 89 112 80 26 150 163 108 102 39 130 58 107 82 231 81 67 51 113 105 121 89 121 46 118 108 69 46 70 139 99 182 123 66 92 167 47 66 194 56 77 47 74 130 104 62 41 43 62 108 54 
90.486
