500
8 17 7 20 10 21 14 18 17 16 18 21 19 19 31 12 26 15 25 25 12 12 28 15 30 23 17 33 15 23 18 15 19 24 20 13 21 35 20 19 16 36 15 16 32 22 26 13 18 31 28 18 17 26 23 15 41 11 17 17 32 21 19 14 17 20 14 18 17 18 16 17 10 18 24 46 20 35 22 10 20 21 22 30 20 11 27 14 13 29 37 15 26 17 20 34 18 19 18 8 32 18 23 15 33 14 21 24 23 15 21 13 23 32 32 21 13 25 25 12 12 16 35 17 14 14 28 25 10 38 15 18 17 23 24 31 20 17 18 15 22 28 22 24 19 20 14 18 18 22 26 23 19 23 17 25 16 12 19 30 30 25 15 20 10 31 25 14 39 19 18 13 27 20 14 18 17 10 29 16 25 17 14 35 26 21 14 14 14 14 18 15 27 23 30 14 27 14 15 19 14 32 14 21 11 13 24 15 21 13 16 18 39 24 10 25 26 12 12 17 38 18 25 13 13 22 22 35 12 26 20 19 24 28 11 29 30 19 22 18 11 21 14 28 19 10 11 28 20 19 17 25 19 30 30 19 19 24 12 19 15 27 13 15 23 25 12 14 12 19 23 18 18 16 19 13 23 23 22 11 16 14 29 20 15 11 20 27 21 27 9 15 16 17 23 14 20 17 11 17 16 20 35 15 27 35 37 27 29 23 22 20 14 30 41 13 16 22 24 15 14 23 10 23 17 24 10 15 16 28 15 14 14 20 24 41 15 30 21 14 18 18 24 35 26 21 18 13 16 20 19 35 16 15 22 31 14 18 24 33 32 22 11 17 26 26 31 22 25 21 25 22 26 12 14 27 27 46 45 19 27 14 21 16 19 11 20 23 23 16 32 19 41 20 21 18 23 20 25 15 7 19 22 18 26 17 22 12 11 23 13 13 27 19 14 11 14 37 19 16 37 22 29 14 15 7 21 27 11 22 21 27 23 13 16 18 26 23 18 10 25 17 18 22 20 12 22 14 22 17 39 15 15 37 12 34 10 26 18 12 21 21 21 13 15 23 35 15 19 44 11 20 14 18 7 14 17 24 14 21 40 19 16 22 16 24 18 13 13 13 16 22 15 29 30 18 12 15 15 17 
20.398
5000
20 34 34 26 18 25 36 20 18 21 20 38 48 34 65 38 24 27 35 40 31 32 31 19 22 28 69 27 21 55 19 40 29 41 29 28 41 42 19 20 27 25 22 30 30 14 22 22 79 20 35 19 29 22 19 39 27 38 30 19 22 19 45 24 31 39 39 30 22 25 22 14 30 26 24 42 59 26 14 23 43 23 23 22 24 21 25 44 36 56 76 22 25 29 31 24 48 32 14 25 31 20 24 27 24 24 21 19 20 44 30 27 28 29 23 34 37 29 25 20 24 26 21 46 40 17 40 47 29 23 30 21 47 22 27 29 23 48 16 27 15 29 22 32 25 15 13 18 18 15 20 40 23 24 41 20 28 22 25 31 29 22 17 42 23 17 25 17 39 28 16 31 17 21 31 26 34 34 24 56 24 21 41 29 22 20 33 45 49 35 25 35 39 27 31 26 34 24 16 12 18 8 27 21 34 19 27 38 20 32 45 23 29 20 18 28 43 75 22 54 34 78 28 39 17 25 18 42 24 30 25 24 34 38 17 23 28 25 26 23 26 24 25 38 31 29 32 22 79 36 16 51 34 23 21 38 29 18 52 47 32 32 32 29 48 28 24 35 14 12 36 40 22 30 13 57 55 26 26 15 22 35 38 29 50 31 28 26 27 26 33 33 25 15 22 56 31 13 19 31 25 38 22 28 27 16 21 25 36 26 20 26 15 18 25 32 45 23 38 24 34 21 25 19 24 23 32 24 25 18 15 17 27 23 16 18 18 28 20 21 29 20 38 29 27 44 13 35 14 39 24 50 37 35 38 25 22 50 15 28 27 24 19 28 22 16 24 34 29 41 19 26 17 23 39 18 17 44 25 14 18 28 21 19 19 41 24 34 29 14 46 20 16 17 17 27 23 41 18 13 19 37 26 32 38 54 26 23 35 31 42 25 22 36 32 26 34 35 23 20 24 24 33 25 21 26 34 50 25 33 50 37 33 43 39 22 33 31 33 26 47 26 36 19 17 43 25 27 52 22 29 18 33 29 42 37 18 13 20 29 21 27 57 12 12 28 33 27 22 37 29 24 31 23 24 11 33 20 22 35 21 44 15 35 44 28 28 24 16 55 24 18 54 30 24 23 30 28 28 26 
28.826
10000
25 24 24 43 43 51 30 23 18 23 34 56 34 26 22 43 27 38 31 26 33 34 55 32 26 23 28 34 13 18 31 23 34 21 25 21 27 41 74 27 81 57 40 20 18 30 20 24 17 31 56 23 33 29 22 61 62 22 59 23 25 21 24 70 36 46 40 27 25 30 30 105 22 28 24 32 35 20 71 22 32 28 16 23 25 45 20 24 44 25 28 59 35 28 27 39 18 25 36 22 27 28 26 27 18 36 55 18 49 54 28 17 28 56 21 22 17 19 27 44 24 22 22 21 82 23 39 22 22 20 26 31 23 19 39 33 95 36 17 36 27 40 53 66 64 22 35 30 30 16 56 43 27 22 24 36 14 17 17 25 40 23 35 22 26 24 23 24 19 34 22 44 22 39 35 86 39 33 30 38 40 12 48 51 35 29 16 23 28 30 46 19 23 18 97 35 44 29 16 22 28 25 34 19 23 41 26 60 31 33 30 21 21 37 20 26 24 26 27 26 30 47 38 23 19 26 42 25 18 24 26 26 27 23 44 24 30 21 40 27 26 30 30 25 34 19 29 28 20 39 23 18 24 16 25 48 28 16 28 35 17 25 24 27 30 13 26 53 39 40 47 19 23 24 26 51 29 25 23 25 22 23 40 33 38 35 38 14 28 19 26 24 28 47 25 27 22 41 25 42 21 25 25 32 30 24 32 20 24 49 41 20 26 21 27 30 36 40 57 36 16 38 19 43 47 14 32 30 14 32 14 18 27 32 19 21 31 15 58 37 48 31 31 34 18 15 15 24 34 56 17 17 19 50 39 19 46 22 25 23 28 24 27 29 27 22 37 25 47 17 37 18 36 33 34 33 21 52 52 22 20 35 15 38 20 35 57 20 17 22 23 40 32 15 40 21 57 35 26 16 17 25 35 21 58 24 15 35 39 22 19 14 31 35 20 24 59 26 37 46 24 47 29 28 17 33 31 21 44 26 98 23 21 26 20 25 27 59 18 38 38 21 36 40 33 26 50 36 22 18 34 37 17 23 41 44 26 26 22 38 25 23 25 40 31 22 33 22 33 27 38 40 22 23 61 28 27 34 33 25 24 32 21 13 18 35 15 32 53 37 26 42 18 36 45 16 36 28 109 24 
31.146
15000
20 41 22 25 37 15 35 29 25 35 94 31 22 22 22 37 31 51 29 38 26 21 33 26 30 34 31 33 23 28 41 36 20 23 16 36 32 38 38 21 23 18 27 57 27 31 20 19 60 34 33 37 31 75 22 38 22 23 33 39 31 35 17 27 32 21 51 20 65 20 22 18 31 25 22 19 34 21 56 54 38 23 17 54 39 29 27 29 29 38 30 53 21 30 53 20 30 38 46 26 13 37 23 29 22 20 28 34 22 23 21 22 128 34 64 27 36 57 27 53 93 35 31 25 29 15 36 17 26 36 35 24 79 36 40 51 41 54 32 27 14 87 23 41 24 26 36 41 21 22 23 40 16 34 19 24 36 86 20 21 49 29 34 47 30 26 36 42 26 54 43 16 64 41 28 27 22 24 22 25 28 87 39 25 17 27 18 33 26 42 16 28 47 81 46 29 27 19 27 23 30 21 32 21 41 27 27 24 21 21 17 33 27 53 39 22 21 23 21 15 38 26 38 15 16 78 12 22 15 27 45 21 33 40 20 32 24 42 36 35 38 45 28 33 21 75 76 37 64 39 16 47 43 28 32 17 19 29 36 24 45 26 35 25 29 24 26 19 44 33 25 22 32 26 17 21 50 20 20 21 36 22 29 43 35 33 21 34 29 19 30 51 33 18 29 26 17 20 36 28 15 22 26 54 23 32 32 100 31 46 27 28 56 24 20 26 42 25 33 35 51 44 18 35 50 29 24 27 48 23 21 43 28 29 33 32 29 24 22 23 28 20 26 29 21 98 20 18 27 36 22 75 57 45 28 26 21 21 32 56 57 42 23 17 34 24 29 36 22 35 36 54 24 21 24 19 28 24 30 32 18 14 34 23 22 65 26 59 61 23 44 30 27 28 21 30 31 35 25 28 57 53 34 91 31 16 22 23 37 25 22 21 60 26 39 39 36 27 25 55 22 21 20 23 16 41 27 43 19 27 33 34 81 25 24 30 51 39 23 26 18 67 27 53 20 23 20 23 22 26 30 38 29 84 28 20 25 46 16 24 53 50 25 23 37 60 20 29 41 20 37 27 27 63 20 23 21 30 25 25 24 31 39 35 22 46 53 26 28 38 23 21 26 31 38 25 22 52 39 20 
32.698
20000
29 24 37 29 42 45 39 31 34 35 28 59 34 30 26 23 35 33 32 39 24 18 53 27 68 31 56 17 28 41 37 21 38 25 21 73 33 29 44 14 19 36 33 50 48 36 29 31 33 17 27 66 25 69 44 44 18 30 33 32 24 39 21 41 35 24 22 31 29 18 27 52 36 24 26 25 33 55 34 48 62 29 28 28 20 35 12 39 46 35 26 25 36 26 34 16 34 21 28 33 23 28 38 54 22 20 74 31 17 21 30 22 35 40 15 28 61 24 36 34 23 26 39 29 51 20 36 27 26 37 27 42 27 32 50 29 30 19 50 52 20 23 29 25 39 33 27 23 38 72 29 29 47 31 56 44 64 59 59 22 23 26 20 38 33 39 53 59 35 60 18 20 35 47 52 36 43 55 25 29 39 23 15 55 24 31 80 29 22 47 34 31 24 27 28 42 32 23 31 23 32 47 23 34 29 37 56 20 23 26 39 48 41 30 27 38 24 26 81 39 25 52 31 35 27 16 26 37 57 37 39 31 30 32 42 83 31 55 28 24 54 22 24 28 27 23 33 30 34 16 26 34 40 30 20 21 38 33 26 57 41 39 20 44 28 32 40 40 29 31 21 43 47 47 31 26 49 30 20 22 21 33 38 19 33 27 35 25 31 30 52 59 28 34 32 30 32 27 35 22 16 28 33 31 52 65 19 36 22 30 17 62 26 46 50 22 26 19 30 47 23 19 35 26 31 35 39 26 38 31 23 36 33 26 39 22 28 35 42 30 51 19 13 25 24 23 36 25 52 39 35 26 22 20 29 29 34 21 40 41 65 56 43 25 23 24 32 25 84 29 17 25 60 31 21 82 33 27 32 49 78 30 69 33 24 50 18 14 28 45 25 48 30 37 49 32 25 33 25 16 41 37 35 34 30 27 26 34 26 35 23 36 43 31 22 44 51 34 20 26 106 57 32 45 56 34 25 26 31 41 33 44 27 34 21 53 21 25 26 48 17 22 52 36 20 26 31 22 43 42 24 28 31 19 34 30 42 20 24 54 23 56 19 21 22 63 25 68 49 32 34 43 39 35 56 34 29 27 51 25 29 30 42 33 39 31 28 42 35 31 26 31 50 49 29 37 55 39 34 21 
34.33
25000
50 76 31 22 29 41 35 70 35 23 32 54 22 42 31 45 33 30 20 68 21 57 21 29 25 56 18 55 120 30 41 27 24 73 96 35 31 49 54 51 29 48 21 68 73 28 26 100 29 41 86 64 33 36 23 25 54 35 18 28 25 34 23 19 40 37 32 45 54 39 25 33 20 47 49 21 21 26 32 78 29 23 30 35 45 40 32 47 62 32 26 36 37 34 25 28 32 41 17 24 34 30 42 30 30 23 30 32 29 26 61 80 33 35 30 41 28 25 25 31 42 75 34 35 21 23 30 26 29 37 46 34 45 47 16 81 33 47 28 74 28 27 18 25 29 16 15 25 57 46 22 27 11 40 35 24 47 27 23 48 29 19 28 37 26 27 32 32 40 52 25 19 26 35 24 38 31 54 23 27 26 29 28 22 34 33 38 48 59 24 28 40 43 33 27 24 29 39 33 14 17 29 77 25 27 70 41 57 23 29 25 46 33 22 37 33 31 33 69 19 40 47 29 36 34 31 26 32 22 38 29 44 17 55 71 40 24 46 28 43 56 31 28 37 29 68 35 22 35 28 45 18 21 65 18 33 26 64 46 28 42 20 49 29 34 54 26 39 25 44 57 55 24 29 29 52 44 24 31 21 30 29 23 48 30 30 64 34 49 52 37 41 26 27 31 34 46 46 34 20 16 49 40 19 31 32 44 21 30 22 24 22 26 28 34 32 39 37 24 45 27 21 35 32 22 31 31 25 24 24 29 23 28 44 19 22 38 20 61 30 18 27 24 20 46 34 26 33 23 21 41 40 38 33 21 23 33 25 23 33 32 20 42 32 47 41 23 54 30 19 35 31 31 31 21 38 31 30 28 17 42 25 26 18 55 24 39 20 24 35 23 30 28 22 60 60 42 99 29 22 64 26 40 37 22 20 27 39 56 42 20 39 17 52 51 33 40 52 38 17 29 58 32 22 27 37 25 24 43 28 22 24 27 34 22 36 29 21 24 45 36 21 16 31 52 31 21 27 32 16 32 26 28 17 79 58 18 24 27 29 41 19 20 37 19 27 29 36 28 22 29 48 40 36 42 21 25 25 21 19 30 19 38 27 37 38 43 35 35 120 17 27 56 30 40 18 68 27 38 37 
34.874
30000
23 24 21 25 46 31 28 42 18 24 28 40 42 50 30 61 41 22 55 30 30 32 25 22 23 24 20 20 18 46 17 27 18 47 43 38 60 25 38 44 29 37 34 42 26 42 28 26 42 26 25 35 27 46 44 28 45 23 38 28 26 31 23 20 27 61 24 23 32 31 31 31 29 24 23 31 28 20 38 49 25 67 26 26 21 50 28 48 55 52 37 25 26 82 28 46 26 38 22 39 21 83 45 35 23 45 37 30 37 34 30 25 20 42 59 50 64 43 26 34 52 41 27 16 21 29 97 28 17 20 20 29 41 29 31 26 34 19 40 32 27 44 28 29 49 19 27 25 37 20 25 39 28 25 37 57 22 32 21 126 16 43 31 33 47 33 27 35 26 44 50 37 20 55 16 33 39 57 31 23 41 34 21 48 51 29 26 49 28 24 20 28 26 31 53 28 27 33 42 16 26 55 27 40 32 22 45 30 64 21 40 24 23 45 29 40 47 38 24 45 22 72 21 18 27 37 35 41 21 29 45 30 20 59 27 33 55 40 36 32 29 31 37 31 31 27 47 26 28 20 55 29 41 28 34 32 37 27 20 19 39 21 20 29 27 39 35 32 28 50 37 25 25 28 26 29 46 29 30 19 66 32 30 23 53 53 18 28 30 46 87 30 51 38 43 65 37 23 26 43 21 29 37 25 71 30 35 23 30 48 34 35 25 26 25 51 30 32 25 29 27 33 28 43 24 29 35 29 28 37 41 24 34 30 37 41 26 43 87 16 35 22 26 37 16 29 20 21 33 34 31 31 25 31 21 33 20 33 25 29 33 27 38 21 43 45 25 49 19 27 37 25 57 35 24 60 32 26 37 22 43 21 22 41 36 42 33 26 24 103 41 39 35 22 61 28 22 49 21 36 25 34 24 32 24 33 28 23 44 30 60 23 30 23 34 37 36 64 25 29 74 36 24 34 25 20 42 23 34 24 32 42 30 35 16 35 35 31 47 34 15 39 38 59 60 76 52 31 22 36 25 30 48 44 20 84 23 30 117 33 66 55 47 46 20 41 56 29 31 23 28 33 41 28 61 51 23 25 60 52 31 43 27 47 29 44 18 45 29 30 26 25 27 51 35 21 38 28 48 39 
34.724
35000
21 30 31 23 31 19 37 42 38 20 30 64 24 34 52 26 40 29 28 24 39 41 25 32 40 43 30 39 27 26 34 35 35 104 13 36 36 55 27 60 22 38 34 45 35 26 61 23 22 26 25 33 54 47 66 25 35 24 47 28 22 32 36 32 41 54 35 24 34 81 30 26 25 24 22 87 27 28 24 37 55 39 35 72 22 51 33 22 40 21 54 40 29 40 40 34 27 26 50 29 20 40 31 34 39 32 26 36 30 15 32 27 19 27 31 28 73 33 18 29 27 25 48 31 47 28 30 27 64 29 23 17 17 30 26 58 57 42 24 15 63 20 25 53 73 20 36 29 106 37 30 25 35 21 19 24 21 51 19 40 36 49 32 20 21 25 21 27 46 37 36 37 34 99 26 56 64 73 40 32 76 30 24 33 23 72 24 55 56 38 19 29 29 30 34 25 40 38 29 58 22 75 30 36 26 40 30 63 36 37 54 105 40 25 28 40 74 24 25 19 47 28 28 30 36 30 24 55 32 31 14 45 28 25 36 42 68 83 28 33 28 31 33 52 26 23 26 30 20 30 24 40 39 26 33 32 69 45 27 28 21 140 20 22 34 32 39 23 20 46 27 60 14 18 43 59 30 25 27 20 24 28 38 34 30 32 37 33 61 30 17 38 42 25 22 27 26 28 18 29 29 27 31 28 29 30 18 30 26 45 29 32 26 30 27 26 29 33 26 34 45 32 28 37 28 26 25 40 32 29 32 47 25 43 27 31 25 28 34 22 47 31 24 30 29 25 24 19 31 21 37 42 41 24 20 33 38 32 25 44 51 28 25 21 40 28 59 24 17 48 35 33 22 27 34 75 42 66 24 53 46 63 25 25 40 35 30 36 55 34 73 17 51 48 24 20 20 37 31 29 25 57 23 22 38 40 76 39 37 28 34 21 20 30 66 79 19 47 38 27 15 46 43 25 22 107 31 37 49 30 37 35 33 37 23 34 34 23 39 21 42 22 54 23 40 30 32 16 25 53 25 20 23 47 18 38 33 18 23 33 39 32 22 54 56 29 37 41 37 23 34 21 32 31 22 38 49 27 23 44 35 42 41 26 60 33 38 18 20 24 31 47 30 39 32 27 49 21 27 59 
35.23
40000
36 65 44 64 29 29 22 101 26 24 39 18 36 39 42 48 54 33 22 24 22 28 50 29 39 15 42 28 20 96 32 20 28 40 27 27 45 19 37 22 36 52 31 22 27 21 63 28 23 22 37 75 37 41 20 43 36 34 30 35 66 57 22 27 125 26 36 22 62 35 40 42 161 91 29 25 56 23 22 24 34 49 36 34 38 27 116 21 28 31 34 54 44 31 36 27 25 21 43 22 95 45 27 45 23 30 59 17 57 28 32 37 51 36 25 35 33 22 46 18 23 62 23 36 34 23 28 39 60 23 39 28 23 18 38 30 47 44 21 66 92 29 53 33 27 46 25 34 36 25 25 44 24 40 36 20 18 34 18 26 27 32 30 24 53 26 31 28 23 30 38 33 22 25 19 28 52 67 39 32 28 32 40 26 98 63 48 89 96 40 32 64 53 22 33 56 41 49 29 25 62 71 30 19 41 22 26 34 34 55 27 30 20 94 28 28 29 71 45 22 26 31 65 21 78 38 23 30 17 23 27 24 25 25 42 25 19 34 20 62 39 60 23 41 30 34 40 73 25 50 34 23 32 26 49 46 40 65 18 81 20 27 23 38 62 31 67 23 24 26 70 40 36 27 75 54 26 30 55 23 40 24 28 18 23 20 31 30 43 33 29 24 34 21 24 48 47 32 27 30 27 44 108 49 38 25 31 45 26 19 27 85 20 28 58 44 35 42 78 28 20 19 24 27 19 37 20 66 27 26 24 87 15 33 38 24 46 19 38 39 29 36 25 31 19 60 30 19 27 25 45 32 27 51 60 43 60 31 43 58 37 81 29 29 26 41 47 42 41 34 32 88 35 30 26 25 26 40 20 28 42 45 28 19 24 41 33 35 32 66 44 17 58 36 41 39 26 96 32 20 28 56 33 21 22 63 20 29 29 40 62 19 88 56 14 27 37 30 30 34 25 42 28 19 43 15 40 29 26 51 35 27 68 25 22 60 73 21 51 31 33 68 27 29 23 26 40 35 28 16 27 33 62 38 27 20 28 82 41 32 26 23 23 60 26 34 25 45 93 32 60 19 35 35 36 37 21 37 72 108 15 29 45 68 20 50 27 44 47 49 22 39 39 58 30 28 61 27 16 30 
37.814
45000
51 35 36 36 20 42 47 51 35 50 26 66 74 23 44 30 45 45 45 31 34 83 27 23 22 37 56 26 43 57 25 87 30 54 26 19 33 51 60 31 30 31 20 28 28 33 61 28 24 31 33 23 65 26 33 43 18 30 22 22 22 27 39 29 28 30 31 30 60 25 34 40 46 26 22 33 76 38 31 23 29 32 28 34 22 37 34 72 38 67 28 84 90 36 43 24 33 36 59 36 52 30 29 59 28 26 27 41 42 28 32 28 51 25 37 26 16 21 26 29 27 32 19 25 17 28 27 31 20 27 57 47 19 62 29 28 117 21 35 31 27 34 50 28 48 26 35 23 71 38 18 22 32 47 32 24 24 48 27 23 26 31 28 45 29 32 26 27 47 22 24 23 30 30 42 72 50 29 38 41 28 38 42 29 21 24 22 24 17 37 36 54 43 17 27 34 90 28 26 41 26 26 20 72 36 19 20 28 37 66 27 36 33 30 28 33 32 26 20 40 20 44 72 33 66 50 23 32 13 33 19 29 22 43 36 76 28 33 29 36 86 28 26 77 27 35 26 35 44 30 43 26 28 28 62 23 38 31 52 37 21 36 19 25 36 41 24 37 16 29 35 26 19 24 52 30 47 32 20 42 30 28 57 57 29 26 17 33 56 34 21 23 42 44 30 29 35 30 31 22 34 29 116 32 25 95 34 41 41 83 23 42 21 42 66 39 50 30 19 47 23 26 51 23 25 21 42 18 31 25 22 37 37 32 14 48 29 29 50 20 19 40 17 75 20 39 14 76 34 42 22 22 22 37 35 25 34 31 32 27 21 54 78 30 87 32 27 38 37 23 79 37 26 65 28 42 37 29 25 37 34 22 54 21 37 37 44 41 31 55 108 32 38 29 62 31 65 34 31 23 62 33 24 30 36 22 40 33 19 91 57 48 73 27 48 50 30 31 42 56 37 44 40 22 126 30 32 22 37 35 16 32 30 48 40 13 33 28 29 41 38 40 37 31 27 37 42 66 26 45 66 38 63 40 33 80 42 36 31 35 56 16 36 73 26 40 41 35 24 46 35 26 42 30 53 72 41 41 57 58 32 70 50 69 25 19 35 42 37 24 36 27 39 38 82 29 33 32 26 46 
37.22
50000
28 17 30 39 38 25 26 25 54 22 42 22 34 56 40 18 25 41 48 37 35 41 39 27 31 36 28 16 31 31 18 29 39 34 44 31 52 47 52 31 42 30 55 35 60 25 12 32 38 19 27 36 38 43 51 27 26 39 23 29 22 40 31 31 24 37 30 38 40 58 38 26 39 48 38 34 54 54 53 45 28 57 28 28 53 55 27 27 20 33 66 20 37 43 39 46 29 50 19 35 16 29 21 33 23 45 30 45 28 40 29 18 26 33 40 65 75 49 34 54 26 33 18 52 18 51 56 27 21 76 32 40 40 36 30 29 65 27 73 47 21 42 36 48 23 36 13 34 88 58 32 41 33 59 23 64 21 42 54 19 26 49 29 45 58 56 55 122 30 34 48 23 54 37 22 27 104 25 48 32 22 36 55 27 65 70 47 32 23 70 26 26 33 39 61 46 52 55 31 30 27 29 39 35 24 25 40 23 35 20 27 18 37 24 35 19 30 44 32 19 27 22 25 26 34 23 87 58 61 18 37 25 42 47 40 54 65 26 52 40 21 22 30 45 31 46 35 33 92 46 30 28 28 39 18 15 36 22 26 29 28 26 40 25 32 36 25 19 25 28 34 26 16 58 33 23 37 36 24 51 38 42 28 41 94 25 33 20 31 51 56 27 75 22 22 30 36 28 57 18 47 25 32 57 28 36 41 30 42 70 25 22 58 27 28 30 33 30 47 31 43 36 27 53 45 17 27 26 28 40 26 41 44 104 17 31 24 28 31 60 25 23 28 44 23 35 92 29 67 46 52 23 25 28 80 34 23 28 50 34 26 20 56 26 39 33 33 30 47 46 29 30 30 47 35 42 26 49 40 38 24 18 21 46 40 19 31 29 40 34 23 26 39 34 36 28 41 31 69 31 26 28 22 66 28 21 40 48 39 36 52 70 44 47 38 46 27 20 53 25 26 35 69 39 26 39 55 40 30 20 29 28 54 32 37 87 38 45 26 30 28 47 25 71 23 24 29 26 42 44 23 28 37 33 68 34 69 34 33 35 29 27 35 29 42 102 26 17 18 95 25 35 34 35 27 29 25 50 41 24 43 52 31 54 41 26 20 46 55 83 49 108 49 63 36 42 46 20 34 29 
37.512
55000
29 81 38 38 40 27 34 77 31 57 47 35 31 29 16 49 23 43 20 39 64 32 20 42 36 28 23 19 39 27 54 25 27 23 32 62 28 56 24 60 30 86 45 48 64 33 47 48 32 24 65 20 29 47 33 38 28 33 21 27 31 46 35 25 68 50 48 24 28 18 30 20 32 54 53 23 94 32 34 25 27 20 44 31 36 27 53 44 35 22 36 19 21 26 59 31 73 30 49 28 39 28 30 22 45 43 46 43 19 31 55 30 35 25 32 27 62 25 102 35 36 93 24 47 29 34 26 41 104 40 29 34 22 37 27 14 65 29 49 95 28 21 23 22 71 108 19 46 27 30 60 24 40 30 55 27 10 31 62 51 42 28 34 57 32 23 39 32 29 31 41 61 29 36 34 42 40 20 25 16 35 34 52 53 30 36 22 18 20 36 49 33 44 39 27 29 40 21 45 30 135 30 32 32 22 28 67 48 17 55 26 19 34 31 61 41 47 47 32 37 47 30 46 49 62 64 19 38 38 76 36 35 30 28 28 71 39 17 30 34 24 34 28 89 34 35 46 70 31 39 31 33 29 40 24 37 40 43 31 19 25 25 34 39 34 23 34 43 30 36 37 24 27 45 58 26 46 36 35 51 28 29 29 24 35 43 58 37 21 80 33 52 24 40 27 28 25 35 132 16 44 21 28 74 16 30 32 55 37 18 29 33 84 78 26 27 25 18 27 29 79 29 24 41 26 28 68 30 30 20 48 24 35 37 31 30 48 44 43 29 29 117 27 25 23 17 41 32 64 20 29 43 31 43 26 74 36 29 31 22 48 35 16 23 37 61 74 20 38 23 32 87 22 58 26 24 65 38 39 30 39 110 39 24 79 26 21 40 16 37 95 25 23 33 49 71 29 44 78 77 44 46 28 23 33 38 40 25 22 32 28 26 45 55 50 29 24 35 29 34 20 31 38 47 40 61 26 34 36 27 27 37 32 49 22 32 50 21 37 25 45 60 24 48 32 30 45 23 42 50 37 30 27 54 51 52 35 32 23 30 40 83 25 23 21 49 41 36 33 52 23 26 43 26 20 32 29 21 33 46 27 28 33 22 25 30 57 36 37 43 38 76 35 37 36 24 31 51 24 20 
38.132
60000
35 20 33 41 30 31 27 31 42 24 35 36 35 21 35 43 44 36 22 42 47 31 30 33 34 36 25 33 29 34 142 29 27 25 27 49 48 26 52 37 31 22 38 57 60 34 16 33 37 24 42 28 39 27 30 30 24 51 28 49 38 30 26 40 25 36 24 20 38 12 22 22 27 41 48 27 41 32 27 25 33 52 61 24 61 32 31 28 29 32 28 21 100 21 35 46 33 33 75 20 30 37 26 34 43 49 41 35 25 22 42 28 17 32 31 29 27 28 24 49 15 20 39 32 41 24 43 66 79 25 29 28 52 36 26 25 40 42 28 43 33 25 48 38 22 32 52 29 30 36 41 82 47 34 32 28 20 19 31 28 43 29 61 46 33 28 23 22 33 28 39 22 56 64 77 33 16 53 28 40 34 88 22 22 78 56 42 24 45 22 25 50 26 24 36 56 38 29 69 23 28 32 31 29 25 21 26 38 20 22 52 53 28 42 33 23 21 64 29 46 50 21 30 45 37 17 29 26 22 27 44 65 35 17 41 17 16 28 29 45 60 31 31 25 32 26 27 19 17 26 56 35 29 31 32 42 22 31 26 37 33 23 33 32 41 25 29 29 32 30 28 30 65 53 16 39 25 21 23 29 24 23 38 33 38 27 28 59 31 31 16 29 35 30 26 20 26 23 32 25 24 27 54 33 40 24 78 37 23 35 41 27 29 65 18 31 47 34 33 41 20 50 106 23 35 30 26 33 46 18 29 14 29 21 26 33 24 31 47 23 30 55 32 21 27 26 39 31 23 36 20 26 26 65 30 26 25 29 25 50 29 33 39 33 25 43 55 40 26 26 35 30 41 82 27 41 23 18 33 28 31 24 27 19 38 40 24 39 35 56 23 30 33 16 58 46 29 37 76 20 25 20 19 64 37 113 32 50 21 64 31 19 32 44 34 27 31 26 19 28 70 43 26 88 34 24 48 45 28 30 42 24 29 92 19 53 20 30 55 26 48 40 30 27 23 33 29 34 28 20 128 54 27 29 22 28 15 19 39 18 35 28 41 38 59 40 30 26 51 47 51 21 21 23 38 32 53 66 30 35 21 41 27 19 29 25 20 25 36 27 20 33 29 26 34 27 34 27 26 23 
34.832
65000
31 48 55 65 30 50 51 28 39 30 54 26 27 19 32 73 29 27 19 66 31 39 25 63 55 29 27 24 26 25 20 23 19 29 37 39 55 20 27 28 19 56 23 44 38 19 28 49 24 25 29 34 34 34 25 17 17 38 39 24 39 36 33 24 22 25 46 63 35 28 47 38 21 24 51 30 32 30 26 16 32 25 33 31 116 27 16 35 28 33 25 18 31 36 34 69 48 26 37 19 19 25 30 75 42 26 38 30 35 33 45 21 29 53 22 27 49 24 28 34 55 31 37 23 29 44 53 120 42 24 57 41 48 38 35 31 45 56 26 45 36 31 39 23 31 51 26 60 30 33 45 34 40 29 24 31 22 26 39 42 25 26 37 31 23 38 46 74 22 45 43 24 52 42 41 68 69 21 28 16 49 36 22 44 16 39 37 17 20 28 36 24 26 63 47 19 54 43 34 19 39 74 24 48 29 24 24 23 55 56 25 34 27 35 29 27 27 65 39 34 83 32 43 23 39 45 21 35 34 57 19 33 29 40 39 45 29 24 21 52 47 78 23 28 20 21 24 36 60 27 29 30 31 23 38 30 19 66 30 26 40 38 22 18 37 40 34 75 37 37 42 29 17 32 76 30 57 49 19 24 28 44 39 27 25 25 49 41 27 74 34 29 42 19 29 27 43 39 18 54 49 38 35 23 35 30 25 37 19 21 34 23 54 71 30 31 20 42 35 46 28 29 75 38 18 30 20 30 34 32 30 36 52 22 38 38 31 24 51 31 16 27 27 28 18 27 23 29 30 47 36 22 24 104 17 26 62 21 25 26 26 65 27 92 62 34 34 32 42 29 40 52 27 30 30 29 22 28 33 35 24 29 43 62 27 39 26 33 35 45 52 16 50 27 34 26 22 32 64 22 37 44 37 24 31 35 23 48 44 23 29 25 36 28 33 36 43 32 23 61 23 29 26 35 23 24 30 27 88 29 40 22 45 57 37 34 20 32 42 20 38 31 37 28 26 27 33 35 31 25 28 34 69 24 29 44 37 41 62 27 35 42 33 31 32 104 24 40 29 63 22 44 20 26 27 26 18 32 25 34 23 32 26 22 101 21 25 31 29 53 34 37 27 21 27 22 42 23 18 24 
35.396
70000
18 48 23 67 31 43 26 26 23 61 20 36 23 26 71 96 21 38 21 74 24 18 36 59 53 36 41 46 15 42 25 44 213 28 41 36 58 31 56 55 34 30 39 34 19 50 21 84 69 28 48 20 26 54 24 35 24 58 16 38 25 72 19 64 26 30 43 60 71 30 30 23 48 56 34 30 38 25 35 21 48 39 40 30 27 65 45 43 29 28 31 21 26 25 63 59 36 32 104 23 26 23 31 47 40 33 25 50 25 27 32 34 20 41 20 28 38 33 45 43 32 25 32 39 36 26 27 27 44 34 84 31 23 50 33 28 44 25 27 33 19 47 43 58 28 26 40 18 20 40 25 21 25 98 37 27 37 37 38 25 30 28 36 55 25 173 32 28 23 39 23 27 52 36 22 40 29 87 27 19 25 24 38 32 22 24 28 42 31 58 27 34 31 48 29 39 36 26 62 24 26 77 35 30 35 27 44 30 29 22 29 23 34 31 75 28 24 37 45 183 36 33 29 21 40 36 48 22 37 73 62 28 27 59 55 31 144 23 39 29 38 26 30 32 33 30 174 28 65 49 24 29 49 21 24 23 22 21 25 24 66 40 27 27 47 21 55 30 24 40 55 28 70 27 28 19 39 26 44 45 24 59 31 29 35 24 35 35 25 30 70 30 20 30 60 75 37 82 36 19 28 35 25 35 28 17 31 38 19 36 28 40 35 33 38 77 23 42 30 73 42 23 53 12 29 38 41 36 24 27 21 26 29 26 30 33 28 31 42 35 39 30 24 27 23 27 34 33 27 15 81 25 29 32 40 47 24 24 33 51 27 33 37 31 51 41 49 39 31 23 30 27 29 35 36 42 24 35 37 26 36 45 24 38 27 26 31 56 64 54 34 33 19 38 27 33 29 68 40 18 15 61 26 15 33 37 25 26 57 37 27 124 37 55 67 47 70 31 63 18 31 33 69 42 58 35 38 21 44 48 21 21 17 66 31 22 38 75 36 53 24 54 26 42 36 62 38 52 34 20 29 23 29 48 45 60 30 21 46 41 93 38 34 32 20 40 50 56 28 26 44 46 104 34 43 25 27 31 31 28 68 33 14 29 55 39 60 55 29 20 18 22 24 21 17 26 25 27 23 21 
38.066
75000
33 30 86 101 27 26 36 65 31 42 153 48 49 45 20 27 30 26 74 96 29 36 55 37 18 24 48 74 24 48 40 27 59 74 29 56 31 126 31 57 85 26 69 28 40 37 47 28 27 41 39 203 28 34 92 48 59 95 40 21 103 47 59 23 53 35 30 32 25 40 30 44 28 32 53 106 51 24 46 48 51 34 33 51 43 70 47 21 139 30 42 48 72 53 47 19 20 22 71 41 62 15 41 61 26 35 40 36 37 47 31 28 51 44 34 26 45 22 103 27 35 51 18 42 35 38 20 20 35 29 21 30 27 38 28 34 34 36 67 49 19 60 33 29 46 29 18 45 37 32 45 52 66 41 92 21 46 28 33 26 101 30 41 34 25 26 20 81 35 22 27 40 27 37 24 31 26 19 33 23 30 43 29 97 54 76 25 43 34 25 28 34 21 27 45 41 24 30 29 28 37 29 38 42 17 36 42 50 21 30 29 24 21 32 28 31 46 40 22 30 79 26 32 39 22 28 28 40 42 37 43 37 30 35 45 29 31 28 27 24 25 62 35 22 47 37 26 30 36 27 32 37 37 43 51 65 28 31 29 22 24 29 45 51 22 95 27 34 33 30 38 22 41 79 19 44 31 107 41 26 61 27 18 35 28 44 21 26 20 19 37 26 17 27 28 89 27 44 29 44 25 34 38 25 21 28 119 34 23 30 25 69 36 24 42 40 22 43 23 51 27 20 73 61 25 32 21 29 47 31 37 28 35 36 22 26 23 30 43 31 62 35 28 40 75 26 32 24 17 34 40 62 31 25 30 44 19 34 21 20 32 40 26 17 46 33 47 62 28 26 23 51 28 23 83 40 27 57 35 27 30 43 22 29 24 34 25 34 23 25 22 14 25 33 56 20 33 22 30 16 28 29 23 26 24 26 25 121 23 22 28 33 34 132 44 76 43 79 25 38 33 36 35 26 50 36 33 35 72 38 48 34 23 47 84 22 55 23 41 29 16 26 29 54 39 29 21 46 56 65 42 33 28 32 36 87 27 49 47 50 54 43 36 41 49 30 75 29 31 25 24 43 65 42 23 32 49 57 24 17 49 42 25 43 29 32 52 45 47 34 40 26 38 42 22 31 22 45 35 61 
39.464
80000
30 99 25 48 75 23 37 62 35 27 48 51 27 113 45 30 113 38 28 30 40 17 29 27 34 34 33 53 37 47 51 74 43 81 33 33 38 27 26 32 26 34 35 31 90 25 34 30 26 30 27 53 25 21 38 55 25 26 37 32 44 29 27 32 20 19 30 29 16 25 41 36 25 33 54 35 85 34 42 17 51 32 17 32 21 20 26 66 25 58 39 38 63 27 41 29 28 45 29 33 37 33 34 25 38 42 39 22 68 32 17 32 62 35 28 36 48 41 17 47 68 26 34 46 19 30 32 39 44 34 31 34 40 86 40 31 35 35 36 28 31 42 26 35 23 23 47 25 21 98 31 37 24 44 28 24 33 52 23 45 25 43 58 28 20 55 28 21 26 31 40 33 30 17 28 27 22 72 35 31 59 34 38 39 80 20 69 24 32 21 22 28 24 37 38 74 26 23 19 27 39 43 47 41 17 32 33 33 47 27 27 54 31 28 59 29 26 48 26 49 38 80 25 23 25 72 42 58 26 51 55 22 29 80 78 37 45 58 65 32 37 36 35 95 49 30 51 28 45 21 43 45 48 44 49 56 31 70 32 40 31 81 31 42 27 53 35 56 55 73 56 25 57 34 25 46 32 49 30 101 34 71 33 45 35 32 22 36 37 30 54 17 55 87 38 31 25 26 24 33 39 24 28 61 56 23 28 25 19 40 60 34 80 27 28 72 28 30 33 20 24 39 35 40 46 73 38 26 35 29 41 73 20 40 36 32 19 30 32 27 29 51 24 68 97 49 45 28 45 28 37 26 38 45 33 31 23 44 31 39 45 27 37 27 29 75 48 39 32 19 57 25 27 27 110 39 45 56 23 18 89 50 37 26 112 22 52 23 41 42 38 25 42 26 18 27 39 74 18 44 42 40 22 28 45 27 50 23 17 31 25 82 28 52 29 45 40 27 33 33 45 36 26 27 59 31 83 28 22 22 25 20 30 27 37 36 28 36 27 35 23 25 34 33 26 29 32 25 29 25 32 24 29 59 26 39 37 28 35 60 28 23 50 25 26 70 45 20 40 34 24 28 20 118 24 32 41 52 36 33 122 40 19 90 43 24 21 26 28 31 53 42 55 28 61 24 52 24 27 27 
38.71
85000
33 27 29 35 28 47 30 30 44 37 26 50 31 29 33 41 18 48 31 47 43 48 23 30 25 26 48 29 26 29 19 19 17 38 24 37 40 19 35 61 85 45 45 40 32 21 21 42 24 37 24 36 14 44 29 44 38 18 23 36 24 28 23 62 20 32 47 29 39 28 31 22 22 45 78 32 35 75 62 36 32 59 49 32 86 29 21 34 21 22 28 24 32 27 23 28 35 26 39 26 28 36 26 28 34 26 28 75 55 37 21 30 25 20 19 27 84 36 33 27 23 30 45 41 45 34 28 35 30 51 41 36 22 34 48 35 94 19 26 28 22 28 55 44 53 22 33 21 22 37 29 33 36 36 46 41 35 29 37 23 26 25 33 19 27 19 42 254 30 18 29 31 19 25 29 24 24 39 24 24 39 47 26 27 26 36 44 55 26 39 45 16 29 39 42 33 26 167 43 61 28 33 25 30 22 21 21 45 22 50 40 42 33 28 21 108 27 134 28 31 27 26 71 29 38 34 96 75 43 61 109 27 36 25 21 28 51 56 67 28 59 22 20 76 28 23 36 37 33 37 105 32 16 57 24 25 44 27 22 35 72 40 33 49 71 68 121 32 24 26 39 31 37 24 62 30 29 32 84 21 56 41 29 52 30 25 48 25 45 26 31 55 36 24 35 88 44 40 55 79 29 105 15 54 36 42 41 113 38 18 45 34 39 54 33 41 56 27 19 29 29 30 22 40 27 45 22 25 37 30 37 38 29 55 34 39 33 25 30 23 31 34 25 33 30 23 22 31 24 33 25 36 24 33 40 22 27 29 30 24 27 32 61 24 29 72 32 42 24 25 21 32 39 25 24 53 46 33 39 55 27 28 36 33 25 27 73 29 24 26 20 101 24 20 83 34 26 29 45 51 52 40 33 40 19 21 19 47 19 25 35 24 25 37 22 44 25 35 46 15 27 37 89 45 33 31 52 28 23 23 23 25 60 29 32 40 71 36 111 40 32 38 29 28 56 30 39 34 30 26 55 40 90 160 60 32 23 40 27 31 27 45 25 27 28 38 21 52 28 35 26 26 57 59 31 20 29 37 35 46 31 25 42 40 35 32 30 33 28 33 36 45 28 35 47 29 29 27 22 28 
37.638
90000
46 59 34 39 17 19 36 44 25 24 21 35 49 21 23 36 36 62 29 28 79 48 36 21 104 30 111 27 31 27 33 37 28 25 40 63 19 48 33 34 39 26 34 43 28 35 30 25 35 37 47 33 29 19 47 66 27 24 29 30 23 47 15 53 32 18 25 44 16 24 26 47 40 27 54 18 38 28 29 25 25 28 29 23 50 37 28 49 35 88 30 34 35 35 35 53 26 34 22 22 32 29 34 114 24 31 22 25 36 22 25 33 29 27 25 35 16 40 20 102 26 34 27 25 36 22 48 36 18 25 38 54 29 30 36 31 36 52 31 29 36 89 41 47 38 34 31 40 56 28 65 25 21 36 47 33 26 35 27 35 28 26 25 20 26 35 34 20 34 20 52 38 47 24 27 34 33 30 29 26 26 51 29 51 24 31 28 29 53 33 20 29 24 23 49 32 31 34 26 26 62 24 43 44 16 52 17 45 25 109 36 37 52 46 32 52 39 34 39 36 27 59 38 52 55 17 51 47 60 45 32 26 56 48 28 29 40 44 29 74 38 95 34 71 34 75 23 26 30 40 41 43 32 35 58 27 28 35 75 19 33 24 22 34 50 34 44 36 41 40 57 88 20 33 138 47 36 65 36 33 32 60 28 48 39 31 50 20 33 44 25 60 48 25 33 27 38 51 32 32 44 38 40 24 41 46 51 24 28 55 62 33 134 41 26 27 27 28 64 46 36 21 42 27 32 26 22 31 34 50 53 25 36 27 15 26 26 35 19 36 32 42 21 28 63 29 21 35 28 35 29 22 79 44 30 27 35 108 39 104 40 64 57 70 21 41 18 26 38 35 39 48 17 42 25 24 35 215 73 96 40 26 37 32 52 47 45 48 23 25 39 45 39 25 25 95 27 32 31 28 89 44 122 27 20 34 45 32 17 85 26 38 29 37 24 34 30 28 41 25 24 19 35 46 112 29 23 55 59 24 64 39 26 56 63 29 51 65 19 38 20 48 49 30 78 14 19 36 47 32 28 35 24 34 33 27 29 65 23 69 42 53 52 25 30 59 36 46 20 46 41 29 32 36 31 73 41 26 31 69 35 31 25 26 29 62 38 23 24 62 43 31 36 36 34 26 93 34 23 60 
38.814
95000
32 55 29 42 27 30 26 30 25 23 40 55 31 43 118 36 88 29 58 39 65 28 28 58 35 27 61 39 37 32 25 72 39 24 71 49 37 60 34 28 101 26 71 23 29 38 22 30 38 30 41 29 129 36 48 23 40 46 37 28 33 38 22 56 34 28 47 53 15 29 32 34 70 42 51 44 85 47 41 30 41 50 71 24 32 43 41 44 46 43 29 40 32 85 27 32 27 34 30 26 21 24 39 29 110 43 47 38 23 22 27 140 35 28 43 30 20 47 34 29 45 33 24 29 35 61 35 34 24 28 36 34 37 27 25 30 67 75 33 60 34 101 60 38 44 53 44 27 30 44 21 24 27 68 46 38 95 49 26 36 29 36 29 39 22 29 24 39 30 22 40 28 24 40 58 42 45 42 24 25 42 42 16 60 27 27 49 29 21 23 48 37 22 29 39 86 28 30 29 18 54 19 20 35 31 35 46 20 31 29 41 29 53 38 31 37 79 35 61 36 38 18 68 46 22 31 32 89 52 41 22 61 90 32 31 43 34 32 22 26 22 48 67 25 32 35 24 40 107 29 32 34 41 44 36 28 42 33 27 56 37 19 20 24 39 69 26 30 30 49 31 40 22 54 26 51 32 29 62 33 24 49 45 43 32 47 43 27 37 50 31 28 33 35 60 24 47 17 23 46 39 33 57 31 27 85 33 32 30 36 28 51 26 23 39 41 75 40 25 31 63 61 41 50 27 35 40 28 54 42 39 39 47 36 23 25 28 28 38 24 56 32 34 30 30 85 52 36 35 47 22 58 42 44 31 28 36 50 96 42 47 39 73 23 34 59 38 33 50 36 35 76 38 31 22 33 41 37 41 30 26 26 30 41 51 49 26 27 27 40 25 28 58 30 33 44 38 40 91 39 32 31 35 43 37 75 19 46 24 59 42 42 64 33 29 27 24 48 28 35 30 40 42 28 31 30 47 56 25 55 19 42 25 29 38 23 55 33 38 24 27 19 58 46 44 52 24 37 44 38 58 65 51 43 34 36 38 28 47 56 37 39 34 45 31 35 55 29 37 62 43 79 32 26 31 24 33 32 50 49 76 27 48 32 46 27 40 29 38 50 39 22 24 35 30 38 47 45 46 23 
39.686
100000
37 34 41 25 29 27 59 45 88 68 36 21 29 31 45 23 24 32 23 44 28 50 38 22 32 34 62 57 25 24 31 33 24 57 20 43 46 26 38 22 33 37 49 35 42 28 89 53 21 60 79 33 20 27 29 68 25 22 37 30 33 29 20 35 25 32 31 42 26 26 35 26 19 45 53 74 35 35 24 27 40 21 36 45 48 43 53 33 24 19 49 35 47 29 21 35 45 67 52 19 25 67 33 33 32 37 35 20 28 27 25 29 27 21 37 30 47 30 87 23 24 33 30 39 20 30 45 42 19 144 31 27 50 40 35 30 30 37 34 21 44 39 49 48 32 59 20 33 52 22 30 31 47 28 32 30 26 53 47 54 25 32 38 32 78 44 25 47 22 27 38 19 80 32 39 19 33 28 35 17 47 28 30 33 55 28 102 50 31 29 25 56 28 26 30 33 29 33 26 30 32 21 104 43 38 37 30 34 40 42 38 40 26 33 36 26 43 31 29 47 26 39 38 24 104 46 59 37 29 25 19 36 22 80 55 34 36 27 26 111 35 52 20 29 47 30 78 86 43 34 39 20 49 18 36 27 57 22 36 24 31 102 28 19 37 37 24 21 40 42 35 34 31 29 138 96 26 33 28 26 25 46 28 57 43 37 28 32 32 47 26 23 25 21 32 33 56 35 39 76 32 53 19 31 36 23 93 32 53 32 46 27 56 29 72 44 24 17 48 55 33 27 50 16 35 37 33 27 16 39 46 41 37 29 56 37 34 89 27 24 38 41 43 49 43 31 27 26 100 26 28 33 71 46 46 54 34 20 29 48 26 21 31 36 27 35 59 25 50 27 44 44 27 30 24 36 47 25 39 28 28 26 48 29 52 29 37 24 59 37 32 25 21 41 31 50 39 73 24 28 59 61 28 44 34 42 31 38 45 35 37 49 67 46 25 49 32 33 26 70 45 22 27 38 33 65 25 31 54 32 28 34 28 30 23 27 61 31 61 53 24 36 30 32 32 33 84 32 26 44 28 28 26 37 21 26 33 41 25 60 19 25 55 24 60 43 36 41 45 34 37 90 42 30 38 31 40 24 34 40 20 23 52 25 47 20 27 40 37 54 30 36 34 86 34 28 70 29 31 93 
38.276
