500
49 19 86 46 49 33 28 45 98 69 60 51 40 28 82 13 69 47 64 73 62 64 78 15 77 28 92 17 23 59 34 35 52 26 77 48 52 53 44 96 39 47 50 15 23 49 33 45 30 55 41 24 24 52 16 37 45 41 41 47 70 44 47 53 27 53 50 20 48 41 32 60 89 29 37 65 63 60 87 54 35 29 25 15 34 38 97 27 29 24 35 40 49 34 92 43 22 43 96 23 59 91 78 20 36 9 66 91 39 101 46 84 63 12 54 82 42 56 63 62 49 37 18 81 60 50 68 27 49 22 36 51 74 28 59 82 33 60 126 42 31 104 48 69 66 83 13 40 32 72 78 46 23 41 36 46 26 50 36 14 45 80 103 38 14 98 56 86 49 62 50 40 38 62 50 42 40 63 44 37 66 14 28 62 76 44 26 50 14 57 20 37 44 19 87 19 76 21 104 86 15 101 55 67 43 23 25 38 81 43 91 78 53 58 47 46 56 10 54 77 40 13 66 20 41 101 72 25 36 67 36 53 38 9 37 67 85 58 26 49 16 51 40 32 27 29 27 63 24 19 84 78 29 13 36 20 28 28 47 44 60 91 31 26 47 44 33 11 117 14 26 27 87 56 21 64 35 55 39 31 55 41 11 38 36 52 68 28 46 19 12 44 41 44 34 46 32 24 45 36 73 67 54 18 81 32 42 11 88 45 19 79 28 38 63 112 34 48 29 39 106 29 32 19 65 116 110 43 28 29 48 78 119 17 56 71 49 26 93 110 27 33 141 68 96 37 27 38 27 18 57 74 36 37 39 29 20 41 18 37 89 57 25 26 17 56 95 18 89 30 39 77 25 29 31 27 56 28 83 38 43 65 12 36 49 39 87 49 48 19 26 39 49 20 16 24 33 28 93 32 121 44 114 27 84 65 42 31 93 32 64 61 27 47 36 36 64 24 35 121 19 47 33 16 52 90 83 61 58 43 43 45 75 14 52 162 70 74 20 47 51 17 49 17 20 43 17 86 45 19 43 44 79 29 23 50 64 17 81 107 74 44 32 50 54 102 28 12 98 82 23 24 64 35 39 20 25 36 102 63 33 54 18 44 70 34 64 65 36 15 18 53 39 76 137 22 46 50 43 52 
48.676
5000
173 41 60 47 51 36 26 80 188 204 48 177 68 60 105 66 76 39 142 169 64 124 46 85 39 73 122 80 100 44 22 96 92 57 113 52 101 59 133 98 35 121 175 105 79 111 40 52 36 87 66 108 64 58 130 50 52 109 95 41 94 73 56 24 86 33 132 106 48 52 63 143 130 156 38 86 41 100 43 88 102 42 39 52 23 46 42 109 53 14 56 75 44 42 104 57 42 18 121 58 169 80 210 73 94 89 175 89 28 76 73 60 43 90 43 25 43 25 79 201 111 15 80 21 77 73 41 216 114 71 86 46 126 62 79 101 118 89 101 49 86 62 67 42 49 100 52 42 89 75 121 59 135 113 97 18 81 182 76 48 103 134 69 19 71 183 97 79 86 30 61 46 79 57 50 46 61 78 106 152 125 70 40 18 120 52 106 110 47 53 46 131 145 137 76 85 84 104 99 113 67 65 49 81 79 169 80 37 82 101 165 112 124 57 26 80 49 99 51 35 81 42 93 108 79 146 76 85 102 38 114 145 61 39 98 35 104 58 170 59 28 43 64 69 119 124 58 68 60 111 92 20 54 34 79 69 46 110 60 43 186 133 53 68 35 93 86 17 127 30 77 45 84 122 116 105 86 97 69 135 81 46 43 95 40 27 121 55 44 77 122 25 112 74 59 42 126 62 115 46 80 68 221 45 49 40 72 115 35 81 60 36 62 72 67 165 50 122 230 33 123 119 25 27 76 101 51 81 88 29 22 121 40 21 47 77 64 138 165 133 70 66 131 54 106 68 109 54 39 86 53 180 59 65 134 27 93 145 83 80 33 25 54 95 97 135 116 120 89 115 46 64 122 40 71 26 49 170 105 44 23 69 51 99 65 84 116 50 98 66 34 82 55 20 98 45 109 30 69 27 48 77 116 99 60 71 81 83 61 91 53 175 40 99 36 37 97 36 73 39 36 19 106 30 114 268 64 91 89 25 13 108 76 101 93 170 115 70 40 33 26 75 64 45 80 62 61 86 39 37 78 44 115 154 107 102 59 67 65 35 76 188 87 98 81 58 255 128 108 31 48 98 180 100 38 125 130 138 76 95 41 111 28 68 71 106 94 128 35 74 47 78 85 69 56 70 93 73 53 41 
80.048
10000
114 53 170 45 58 121 176 55 34 79 64 70 100 73 65 107 64 83 88 98 97 41 74 87 48 73 24 37 89 77 48 43 204 71 106 239 162 120 154 65 69 24 27 80 71 160 74 118 47 80 101 58 84 82 121 85 209 80 98 87 212 106 39 74 127 73 42 53 51 124 106 91 68 73 139 109 56 133 96 112 66 67 56 111 115 75 147 87 157 51 102 71 192 56 73 49 100 142 154 16 51 87 107 107 133 41 46 28 94 122 43 60 74 73 240 48 172 91 150 21 40 67 41 70 76 72 241 152 28 120 26 62 117 19 81 223 80 93 111 96 33 28 24 67 17 62 91 116 46 79 137 98 103 193 113 74 31 55 93 43 132 24 63 43 58 129 59 80 77 36 105 54 174 147 88 178 146 62 204 171 44 145 22 56 97 39 42 79 55 82 93 79 50 174 148 44 81 106 96 31 180 84 102 119 37 43 60 45 202 53 102 73 154 92 74 45 37 82 47 109 85 79 140 114 185 39 104 53 123 112 25 143 89 91 55 178 63 26 135 84 93 136 23 150 90 238 19 94 151 66 153 236 135 110 139 24 40 140 63 87 77 47 120 59 54 60 87 39 164 100 25 41 111 117 36 18 123 65 36 214 88 74 28 63 44 84 107 81 98 33 42 132 100 70 285 29 43 94 48 126 134 65 31 64 49 115 133 50 30 109 111 73 63 79 79 148 44 39 189 107 42 86 49 53 84 77 42 91 93 90 60 159 106 49 126 103 191 258 34 63 87 45 61 51 149 206 110 59 52 62 75 92 103 104 121 82 114 167 23 101 105 70 63 76 159 174 73 144 102 198 125 116 27 41 205 110 148 101 116 78 169 66 125 79 63 100 66 24 48 44 112 69 47 103 27 110 109 88 125 117 220 143 148 75 37 100 193 124 97 247 37 38 148 62 152 192 79 49 81 176 158 146 99 82 102 89 119 43 48 101 80 197 190 102 47 106 122 132 163 44 70 106 92 163 107 96 31 150 125 193 94 140 127 148 117 85 73 29 147 104 78 168 150 71 83 92 93 79 93 83 62 136 77 183 118 111 68 79 181 99 202 137 22 109 135 59 90 80 117 102 60 107 111 75 119 196 176 65 166 98 
94.724
15000
85 39 116 60 178 82 76 67 206 22 220 35 194 36 116 232 60 115 44 37 131 84 74 94 68 102 179 132 161 169 75 88 83 141 253 168 200 176 151 74 90 173 60 135 131 120 103 155 102 129 123 154 97 119 128 43 184 107 56 183 66 103 88 149 98 73 91 161 201 68 52 209 259 97 211 52 38 61 269 75 32 218 21 64 81 121 34 86 182 63 169 34 163 63 145 180 33 139 230 136 42 67 154 66 89 98 35 170 101 59 31 151 76 44 86 101 77 27 103 86 87 29 208 30 68 78 58 128 165 91 27 155 87 93 120 127 95 97 32 75 105 67 132 167 65 237 134 42 47 63 84 200 79 108 153 55 69 144 159 73 49 143 137 97 158 171 76 114 219 40 67 283 79 130 45 81 128 266 83 92 159 163 39 120 108 53 59 59 23 162 86 66 82 160 257 74 83 106 91 45 182 70 50 44 50 77 133 139 26 96 110 243 105 60 60 106 36 16 118 159 130 129 101 145 44 98 183 44 113 45 88 49 201 62 160 120 87 76 52 185 73 82 98 110 125 56 89 120 67 70 70 106 100 80 186 80 44 58 108 46 78 243 93 39 56 78 303 19 189 112 83 28 220 104 257 63 102 59 197 211 61 101 93 41 102 164 160 68 104 59 71 117 47 76 61 33 102 80 195 37 121 188 63 93 53 135 48 79 38 93 131 55 147 180 178 176 114 43 166 176 188 55 70 156 226 101 61 257 161 46 63 216 125 44 147 98 133 129 147 270 223 104 21 102 49 46 55 71 169 74 217 90 107 28 182 51 203 116 166 38 223 117 156 186 49 127 147 59 141 78 105 135 57 124 77 29 183 69 64 128 198 36 138 149 56 36 146 54 44 43 93 112 30 149 166 100 63 120 222 57 189 107 156 57 86 161 104 82 129 56 125 98 201 63 134 143 104 35 34 42 88 36 44 139 106 58 164 147 126 103 65 141 94 54 98 52 72 199 99 146 28 124 44 43 113 114 70 52 74 127 61 180 74 91 83 112 228 32 111 126 29 41 118 121 85 151 130 40 210 81 90 208 168 214 86 138 79 113 114 223 226 119 82 29 147 179 75 105 39 130 113 62 96 82 78 191 86 76 28 98 
107.394
20000
114 160 274 75 50 83 214 37 272 32 52 124 323 114 207 121 72 50 135 116 86 128 109 101 90 130 146 186 60 80 48 59 88 48 118 43 98 88 145 179 133 101 43 52 104 159 97 25 127 60 165 42 83 75 94 126 80 121 135 227 158 87 42 90 137 50 167 82 60 124 210 58 58 169 86 152 87 83 34 138 128 197 63 147 48 67 70 114 55 124 85 73 33 118 50 114 89 48 63 40 73 108 161 96 114 127 96 31 199 60 23 102 62 32 46 299 30 44 23 162 65 33 69 142 193 33 160 128 203 86 128 118 109 128 84 95 198 68 275 171 24 198 179 79 106 47 180 116 36 115 126 172 70 69 144 46 53 153 92 178 52 124 48 100 42 51 89 40 82 67 85 45 65 111 97 79 181 65 73 74 142 116 78 36 101 180 165 122 104 30 62 146 67 42 89 60 78 111 108 61 86 80 149 59 227 210 154 106 92 117 80 185 153 93 347 213 105 157 145 242 86 95 211 201 110 139 43 70 166 30 158 69 27 32 87 181 157 73 149 125 90 190 153 83 232 143 40 183 98 118 105 65 185 123 144 74 59 152 193 90 85 94 190 124 45 120 144 23 43 101 127 179 145 49 24 112 279 94 227 125 35 222 201 54 96 88 84 113 115 150 191 33 237 185 176 153 94 92 135 90 175 110 164 62 180 141 115 97 68 27 204 152 405 90 147 51 137 186 78 126 53 45 98 129 40 47 34 121 81 68 40 65 213 55 187 183 42 252 56 73 109 108 84 74 21 83 54 137 122 163 113 91 111 44 101 82 33 157 244 194 122 69 185 51 68 236 47 68 59 97 202 200 38 186 26 42 106 74 38 253 163 176 141 90 54 37 69 84 75 75 90 116 220 190 224 142 94 66 184 114 108 132 108 54 152 153 109 19 87 126 48 115 93 50 155 54 95 77 93 108 89 28 43 218 84 87 104 76 91 218 55 84 24 220 77 96 110 64 43 136 66 139 42 93 87 126 223 165 113 99 131 39 42 77 184 98 93 98 97 53 181 133 62 73 120 157 63 164 101 54 105 109 164 64 123 144 136 88 156 78 106 50 303 248 80 101 75 109 76 82 214 61 67 77 178 140 85 54 150 15 
109.834
25000
148 43 124 33 76 240 120 91 93 59 75 70 90 41 197 236 136 157 220 98 32 168 66 76 29 52 132 155 72 52 138 149 83 28 75 425 103 78 76 105 129 147 156 153 93 114 213 150 152 150 119 102 278 203 45 131 131 51 91 115 77 153 42 20 123 239 36 118 160 70 98 104 190 160 302 156 46 132 149 142 146 150 135 176 119 121 185 110 55 26 142 190 30 78 90 108 64 154 124 92 43 53 215 88 91 70 157 53 146 89 99 85 39 122 82 120 39 153 204 166 105 62 81 170 98 155 61 134 121 56 56 33 133 113 121 199 277 88 151 25 118 41 124 56 46 219 147 74 88 132 39 56 213 109 92 122 99 102 95 162 170 49 43 39 115 107 40 80 195 54 69 108 111 58 148 114 65 107 118 143 93 33 137 112 53 52 52 107 53 50 93 42 87 39 44 34 138 53 100 156 102 73 213 81 189 85 92 123 141 328 120 45 39 42 103 75 113 119 120 82 35 133 95 184 177 32 197 124 143 34 31 107 94 82 67 70 179 141 40 256 122 62 73 48 108 225 111 207 43 119 116 205 62 21 61 90 136 52 245 83 241 87 61 85 190 98 150 87 91 142 84 65 44 163 144 69 163 48 85 106 173 79 113 165 164 35 59 175 38 205 155 38 81 52 133 93 59 24 84 122 146 139 72 92 109 71 75 221 94 70 24 48 76 88 106 184 210 136 249 146 49 117 162 37 212 133 153 160 58 29 135 67 80 104 152 130 57 58 131 100 104 15 53 144 76 178 85 266 84 109 70 199 173 88 168 73 210 50 107 166 135 122 105 115 145 120 150 48 85 131 108 97 109 91 133 83 94 32 58 77 140 77 135 145 75 38 92 173 100 93 81 93 81 80 84 138 192 80 283 66 313 53 103 90 199 246 82 132 53 118 73 283 166 225 107 32 240 110 123 197 179 116 143 208 180 134 84 231 94 27 90 209 83 67 143 146 175 39 86 75 139 92 95 189 94 104 104 83 49 19 40 92 191 121 103 91 79 137 102 46 85 264 125 44 74 193 80 72 109 98 64 153 185 68 52 126 147 93 53 43 47 58 50 225 72 44 247 172 38 49 55 106 144 28 165 48 82 154 110 57 
111.108
30000
38 22 82 91 55 25 114 107 180 90 109 110 87 56 51 104 82 69 87 45 32 46 139 99 169 88 51 55 63 58 34 140 122 24 48 70 223 174 38 106 183 145 112 32 158 90 43 40 87 242 109 90 94 52 87 87 128 36 239 148 47 184 36 112 33 180 40 27 138 115 98 102 82 153 74 61 77 63 36 105 145 66 74 63 71 142 62 156 144 111 91 71 38 76 123 113 41 202 230 55 62 43 133 77 45 159 132 44 68 347 94 117 142 72 156 123 79 77 222 49 76 113 167 92 144 40 132 115 57 101 139 108 43 35 51 53 176 127 280 305 43 55 131 104 77 74 105 57 74 68 208 163 32 145 99 78 174 131 200 47 40 93 48 60 71 95 168 59 107 33 237 60 173 284 142 67 59 36 71 87 84 102 136 102 111 51 116 159 33 133 83 178 147 59 226 57 106 158 262 83 98 107 97 56 119 130 57 58 97 87 25 67 70 163 125 93 45 75 73 221 60 76 51 86 57 277 109 126 92 109 71 84 175 178 142 90 263 242 30 259 101 108 65 79 117 103 119 260 83 114 86 92 72 122 292 77 200 298 93 105 170 150 48 77 75 91 135 55 109 43 84 121 168 164 34 77 32 77 186 119 77 128 94 163 35 41 94 82 132 36 139 141 197 106 266 115 199 114 29 100 69 80 288 80 110 118 90 38 217 253 24 125 144 54 69 164 229 35 137 54 48 128 27 138 173 34 112 149 131 138 33 166 89 107 145 209 74 165 147 105 63 52 95 97 79 67 204 88 137 67 77 74 117 109 48 105 50 129 119 110 130 156 57 158 91 165 184 74 87 100 140 79 134 55 143 18 75 70 125 77 55 50 128 140 38 26 57 91 73 35 56 61 70 26 153 51 121 173 194 130 65 140 32 62 60 125 95 99 89 208 137 110 86 72 237 74 75 70 185 174 71 98 115 104 96 88 179 188 66 233 141 23 118 83 55 344 123 184 91 150 136 93 109 30 105 82 182 129 32 169 184 119 68 86 136 120 51 100 151 104 300 85 119 85 116 50 47 138 203 57 61 48 212 113 219 103 68 102 99 190 72 81 131 89 78 21 29 69 116 71 161 46 124 66 180 78 74 149 66 87 
106.7
35000
174 161 29 114 133 77 209 71 62 138 38 191 63 21 74 94 114 50 166 138 47 113 320 31 75 131 151 108 102 155 252 135 101 68 258 73 52 44 197 112 139 49 124 241 164 36 115 70 218 121 76 69 59 135 139 105 116 87 67 49 126 113 194 172 128 79 82 43 165 60 69 134 149 104 31 110 209 40 74 59 56 56 94 102 98 110 258 193 127 79 178 55 102 71 73 62 60 95 72 116 51 117 113 89 41 40 91 70 183 226 70 228 84 99 50 106 155 101 128 81 101 108 60 148 118 151 101 91 60 122 45 204 67 43 97 76 146 46 85 63 86 24 117 163 41 137 114 224 75 140 28 43 48 66 91 85 125 140 71 193 98 112 67 25 77 92 83 42 103 38 62 147 109 29 133 43 74 100 91 72 171 73 71 57 99 88 67 93 55 39 35 70 307 88 73 68 42 104 243 55 47 160 190 37 72 87 186 98 118 183 164 53 112 190 95 49 92 54 43 144 145 76 89 185 185 284 153 127 113 125 60 140 112 81 123 182 93 51 89 220 87 88 35 144 195 75 109 132 57 158 58 115 70 75 165 45 154 153 44 101 129 195 124 76 89 125 122 27 260 68 77 81 148 102 245 39 106 77 120 109 143 91 57 196 78 65 280 60 77 41 71 65 78 71 117 79 21 45 124 147 201 87 152 40 83 201 134 121 135 185 147 108 73 43 71 29 32 96 81 77 66 106 164 119 115 115 115 92 145 144 145 97 137 33 143 48 97 100 124 136 129 91 96 46 102 80 78 134 57 107 84 94 36 65 80 226 130 120 76 68 149 76 118 50 58 163 88 138 62 153 64 61 61 60 169 124 255 171 154 194 81 99 35 44 113 183 124 48 149 86 121 197 95 144 147 75 55 43 257 69 201 53 204 44 115 89 227 98 116 132 218 74 161 52 165 66 123 97 79 129 109 227 89 114 124 34 56 92 29 130 28 385 108 83 78 97 178 210 88 101 33 125 353 107 232 117 86 78 122 115 130 138 80 82 172 69 80 89 178 59 60 38 36 90 26 108 193 77 116 122 67 180 32 145 225 122 122 42 176 189 57 193 120 42 113 88 140 208 100 136 164 233 184 124 111 76 115 161 113 126 
108.918
40000
85 98 49 43 142 129 73 87 116 139 178 107 265 161 245 80 74 44 120 125 46 73 98 85 104 86 341 374 98 227 97 264 142 67 261 96 146 204 91 145 41 61 120 44 65 133 56 191 167 86 213 114 182 39 242 84 81 147 240 146 174 145 153 46 80 325 114 190 151 47 230 241 150 87 142 71 121 183 95 103 50 83 297 86 167 63 171 103 242 62 99 121 73 137 66 264 95 67 141 45 35 154 123 147 83 136 94 101 208 177 151 113 46 21 189 104 66 24 136 126 163 53 70 105 37 97 77 178 94 89 68 60 48 125 166 218 198 127 44 111 109 84 33 99 88 277 64 195 82 100 81 48 209 84 135 79 35 220 155 130 72 104 163 31 52 126 53 48 110 151 59 148 64 72 257 145 134 169 142 161 79 190 159 127 70 75 84 106 75 75 188 102 98 195 149 90 72 75 49 91 207 82 103 118 37 289 68 177 121 115 200 67 175 41 98 81 72 49 89 229 48 86 85 129 212 106 107 94 70 99 81 112 55 70 61 72 72 99 130 201 177 209 145 118 83 69 143 55 183 191 227 84 81 94 79 74 70 140 122 210 82 93 153 116 63 66 46 49 58 116 165 56 33 58 316 58 88 188 165 190 233 131 58 69 73 61 70 66 155 86 34 110 112 135 122 155 180 166 44 103 169 92 69 142 178 184 170 54 94 118 119 112 112 25 256 109 71 22 102 107 56 165 223 171 83 175 80 173 103 54 106 29 119 76 59 52 58 114 154 56 102 106 175 29 80 86 40 61 215 38 306 162 26 179 111 85 203 157 94 133 64 65 41 162 65 227 210 134 83 65 253 70 124 169 167 68 127 101 29 162 110 123 153 256 107 228 203 114 83 191 114 94 120 52 96 68 266 136 246 200 50 172 106 127 51 101 181 118 142 42 127 107 242 171 107 172 43 110 44 27 138 107 66 253 125 164 85 30 76 63 135 65 90 31 138 129 146 143 97 109 66 75 52 93 159 149 96 87 87 63 125 100 43 34 108 106 54 184 74 25 102 202 71 60 81 97 101 65 323 67 87 232 190 84 184 74 72 149 121 101 168 84 72 128 73 34 117 131 150 24 124 94 145 89 220 76 79 67 141 98 
116.862
45000
65 44 105 150 120 156 41 59 59 104 56 232 214 59 47 90 143 36 196 114 83 98 85 135 87 143 108 219 166 92 37 172 45 33 93 44 238 88 205 116 103 36 37 105 44 204 72 144 65 77 106 71 112 98 69 151 86 75 265 125 164 92 54 105 64 40 65 90 116 75 125 158 162 159 65 113 184 107 168 82 138 100 111 58 35 55 139 94 119 52 157 138 82 217 122 38 41 98 55 51 112 144 101 163 56 206 58 60 112 57 209 213 119 157 41 59 119 108 129 343 49 114 212 179 57 37 151 232 74 65 59 82 41 58 48 178 132 59 181 142 105 62 70 286 104 59 140 113 197 86 81 213 24 120 66 102 164 99 97 113 93 292 184 34 72 69 136 54 225 68 60 102 123 60 101 148 83 87 126 87 78 108 119 127 56 73 202 65 124 93 179 87 173 59 89 33 52 193 127 144 160 154 52 167 88 18 93 166 33 171 77 178 215 118 69 60 67 73 55 98 47 57 36 155 233 92 52 80 72 190 47 117 255 49 127 160 143 84 143 162 162 49 132 85 105 196 99 150 81 72 124 89 96 125 119 52 71 29 195 90 101 143 58 133 37 145 50 60 91 46 89 92 144 148 162 43 44 54 95 96 134 101 42 52 34 91 214 138 160 63 60 84 114 141 28 66 277 217 227 119 65 51 171 93 73 83 77 103 72 35 74 118 132 206 178 151 38 44 292 99 41 65 113 76 100 182 98 113 211 119 27 110 57 94 87 149 86 142 124 76 72 86 82 45 81 154 155 100 67 99 25 122 18 90 48 68 77 50 60 185 137 191 113 69 27 100 149 45 220 68 174 75 63 75 150 74 78 79 166 88 114 90 155 114 102 142 139 130 215 130 56 127 41 99 160 104 79 39 88 87 235 124 170 58 143 84 134 37 162 53 95 76 64 86 46 78 97 79 156 99 36 175 74 89 210 175 67 107 346 49 142 121 132 64 124 99 129 203 161 81 101 35 141 83 79 176 68 52 49 113 229 189 135 148 104 71 70 183 60 94 255 136 130 44 242 122 116 138 193 108 125 125 145 104 199 138 193 82 151 133 78 140 68 252 27 223 56 118 106 57 175 153 60 179 90 100 83 115 85 143 
109.854
50000
155 67 134 171 72 82 64 87 150 104 83 224 59 43 147 111 63 87 98 87 80 94 63 65 119 28 93 198 57 146 105 169 122 86 208 22 138 61 169 102 69 93 114 72 31 105 166 89 103 101 173 151 89 76 270 84 148 139 274 54 146 108 137 166 80 98 80 205 69 39 147 163 45 88 143 60 119 145 55 146 167 67 186 69 68 95 107 68 108 63 148 135 60 84 299 134 81 208 78 50 252 227 57 111 108 146 34 168 149 155 167 197 117 97 81 31 135 30 78 79 90 112 205 82 88 162 68 70 126 135 126 151 210 95 159 106 103 38 116 97 318 111 105 116 111 299 105 245 120 126 48 136 134 122 175 72 68 113 53 109 191 141 98 88 54 139 69 46 82 194 134 118 96 144 65 162 154 107 247 119 51 91 76 28 28 159 77 253 50 122 96 114 49 41 263 167 165 86 304 140 121 115 112 81 36 49 119 123 21 98 63 107 98 110 79 113 71 47 171 51 47 48 120 56 62 127 133 187 65 83 197 67 146 146 168 161 93 54 172 59 118 76 122 77 118 115 65 25 60 71 137 82 154 125 72 182 124 100 143 100 187 68 55 141 88 147 22 159 25 42 73 58 113 68 128 159 69 102 128 167 196 135 151 195 161 119 83 54 256 202 35 121 28 31 90 30 180 129 30 100 258 199 247 117 108 54 47 86 110 126 53 103 90 46 86 109 75 142 119 42 76 25 100 141 79 167 26 144 89 147 68 82 82 31 100 240 207 45 47 42 154 146 99 77 95 100 152 54 114 71 184 127 93 44 105 96 68 123 98 131 157 44 86 42 184 212 164 140 120 73 93 88 83 83 175 85 79 128 133 113 54 68 151 115 71 178 150 99 54 43 82 102 91 105 163 70 42 72 186 171 169 82 118 183 45 79 60 58 57 116 58 110 136 107 67 106 222 81 54 145 128 86 184 61 152 150 268 145 94 29 104 130 174 93 154 203 39 153 401 67 144 112 64 57 61 91 72 183 32 242 50 228 170 98 100 179 184 303 143 105 98 97 50 111 88 83 166 110 115 89 155 78 88 84 287 24 55 169 151 84 62 68 68 85 116 48 77 117 132 72 54 36 99 60 231 151 211 74 28 58 
111.794
55000
96 122 85 79 87 70 110 80 143 206 128 223 35 100 167 155 172 43 65 100 63 49 128 107 95 101 97 128 199 89 43 86 105 79 133 46 132 193 75 115 102 53 155 161 100 370 67 50 84 47 248 193 37 170 113 60 70 82 137 89 260 121 64 105 51 113 63 126 167 98 150 92 115 28 57 56 201 138 47 92 96 64 83 49 88 95 154 162 188 42 80 83 84 29 58 49 160 79 93 40 136 47 73 121 92 134 149 126 83 140 58 119 104 36 55 54 134 84 75 158 46 89 96 117 103 90 232 133 125 108 104 213 43 158 179 137 93 222 84 161 130 63 133 61 151 83 18 192 59 45 52 51 66 97 160 88 158 200 304 200 226 70 249 38 75 284 68 158 188 52 132 219 85 124 208 30 257 114 120 96 49 69 70 132 102 131 124 108 162 172 112 98 102 127 104 184 197 168 154 74 83 228 173 37 172 193 199 80 92 188 179 128 122 43 94 158 105 35 155 166 49 174 105 24 72 197 20 137 170 162 89 133 107 55 56 187 359 136 117 133 107 76 137 108 95 160 99 67 143 64 66 127 158 163 136 202 213 125 125 72 29 132 158 75 102 106 76 20 86 84 131 30 63 395 207 92 106 125 225 72 114 85 160 71 141 147 138 86 55 32 83 116 349 90 276 63 197 81 57 58 69 122 77 35 134 99 67 79 77 72 125 235 227 41 48 81 38 29 300 38 50 25 88 55 95 228 112 90 132 73 84 112 46 146 86 201 203 215 213 170 146 147 160 52 142 101 50 170 126 184 160 146 155 38 282 72 63 110 56 87 157 139 53 55 144 210 30 145 127 91 266 199 127 128 260 59 91 69 263 172 200 92 205 135 86 49 185 115 86 50 152 58 116 180 28 196 108 116 143 47 101 230 57 163 41 107 35 127 156 47 79 96 268 124 47 34 72 55 186 207 180 99 456 34 138 101 169 113 130 103 114 143 67 75 258 90 115 44 80 110 49 84 230 174 215 98 100 275 326 242 108 208 179 135 126 198 200 148 132 159 87 133 68 102 168 84 87 159 311 124 129 195 76 72 58 165 109 134 58 138 85 150 130 233 87 37 224 47 108 193 133 210 128 67 152 132 168 146 150 97 
120.652
60000
123 93 132 54 143 245 52 107 248 112 116 93 82 140 79 231 89 73 247 109 76 103 62 48 415 151 40 173 41 78 90 263 60 81 138 110 115 199 93 80 182 74 136 46 88 105 177 95 222 67 150 107 101 145 97 46 157 94 64 75 145 128 169 140 182 257 127 58 88 101 120 168 161 70 264 116 200 70 198 51 125 199 267 215 50 74 48 175 230 106 106 107 117 119 108 125 223 69 152 90 159 47 55 114 234 82 107 96 214 72 74 152 92 179 177 76 117 84 116 174 64 116 135 228 70 72 106 104 64 118 71 158 45 176 283 100 168 286 232 64 109 119 145 43 56 83 142 81 64 46 96 103 60 104 75 109 118 100 33 149 41 123 218 121 59 75 74 50 110 93 76 211 74 129 54 159 171 50 144 70 110 104 91 100 132 78 220 172 79 37 66 119 96 92 30 98 95 108 148 178 153 218 83 140 117 123 79 160 146 130 55 123 37 92 122 49 69 160 67 40 123 154 118 127 172 77 153 101 109 62 65 115 196 93 155 127 190 73 158 150 24 108 39 155 92 61 58 297 194 127 225 117 56 46 105 54 175 129 231 170 119 127 129 84 57 114 60 87 50 132 68 287 179 110 179 57 97 188 81 52 287 143 37 92 168 100 145 93 128 44 106 300 109 102 110 124 104 85 32 54 90 155 73 133 178 130 59 111 51 48 77 173 168 130 108 208 155 75 102 107 30 51 176 82 84 91 84 206 123 197 30 49 67 75 109 164 123 98 93 73 115 58 64 88 183 221 89 58 86 80 144 70 97 129 201 156 110 133 153 167 93 45 164 105 97 164 41 139 199 71 37 154 95 91 93 135 122 59 65 121 18 49 110 47 42 83 118 263 81 65 110 142 71 89 46 64 96 29 196 112 57 114 204 110 57 50 122 146 30 91 54 100 39 51 76 32 133 72 76 135 62 133 41 84 183 30 120 213 49 159 128 111 123 46 126 139 126 205 250 66 78 63 156 118 241 92 125 345 46 118 41 40 126 58 169 60 120 163 52 130 249 57 118 158 94 171 136 36 118 89 140 123 51 280 122 59 34 43 77 76 131 66 157 96 99 49 139 92 236 64 73 80 230 165 69 48 47 62 182 80 
114.408
65000
180 131 174 71 101 100 77 115 62 27 105 167 168 115 118 66 66 61 178 148 75 48 171 32 155 175 175 203 166 104 226 188 77 106 115 108 85 193 145 58 224 138 118 42 226 101 163 55 31 162 85 218 158 95 92 115 42 168 298 99 29 55 125 83 73 185 71 60 22 96 82 174 246 116 161 146 185 86 131 166 72 40 168 232 42 89 191 111 302 70 145 33 172 77 123 180 46 58 200 43 126 92 157 123 30 78 151 77 189 138 269 156 98 70 208 139 51 90 72 324 57 62 112 109 131 130 121 219 46 65 41 148 84 144 187 166 90 95 35 165 142 185 69 71 164 108 73 122 83 100 27 164 72 85 146 175 101 82 111 102 54 129 93 72 127 59 47 73 75 87 120 59 181 60 83 117 187 101 80 176 97 193 161 290 88 72 177 154 48 82 108 227 109 76 193 46 91 158 157 35 129 234 132 168 177 83 62 94 34 115 156 67 54 93 304 70 71 99 197 105 69 94 72 232 131 58 114 194 130 45 187 146 46 56 108 74 128 60 145 157 122 101 76 58 249 140 132 103 50 151 102 229 218 258 239 88 84 100 121 96 174 69 80 155 61 49 45 317 73 163 117 108 147 46 67 360 179 36 50 99 170 142 95 68 81 146 223 133 81 100 333 85 66 78 144 124 42 132 82 48 231 80 132 81 92 120 130 261 29 143 89 92 170 114 253 70 171 25 153 283 65 128 143 130 160 172 220 107 132 125 119 94 179 132 131 124 160 69 101 86 32 47 163 98 87 195 115 172 49 86 90 48 78 169 139 81 221 131 289 77 106 81 127 124 152 91 24 146 222 52 146 81 290 173 134 132 127 153 72 64 40 130 133 69 43 69 201 177 181 26 97 100 64 126 146 109 122 158 192 42 317 211 109 58 145 203 28 68 47 191 167 256 145 142 73 73 97 184 171 152 67 192 104 90 163 88 141 151 41 109 84 135 118 121 74 166 127 123 149 101 185 168 178 89 104 180 91 141 45 79 110 75 88 259 140 44 232 244 162 60 288 95 168 102 81 100 115 140 143 111 134 145 391 143 74 89 124 166 76 110 100 78 89 119 159 249 175 226 97 240 87 144 78 99 113 152 103 75 101 138 
123.104
70000
98 103 98 67 102 129 159 63 61 84 112 113 125 166 107 100 72 31 136 305 176 54 370 113 56 174 113 194 54 150 158 161 112 58 158 185 80 34 125 111 143 78 114 43 103 203 100 112 109 63 71 89 81 290 238 95 80 77 96 189 125 142 82 84 81 128 76 88 37 29 133 136 81 80 130 118 56 36 188 94 97 42 59 189 97 46 62 44 180 92 92 168 62 47 143 66 127 107 133 277 181 124 93 145 142 96 173 88 119 118 99 78 93 77 272 158 137 127 84 74 95 207 85 178 198 101 87 114 225 99 111 56 63 52 120 110 36 181 103 308 121 75 135 137 50 69 250 83 145 79 103 184 69 85 195 87 45 185 143 156 108 241 147 145 96 70 127 139 101 182 159 129 59 100 171 87 68 159 140 76 176 121 118 70 170 95 126 93 108 66 110 242 249 55 233 51 210 71 177 130 80 35 119 74 97 199 102 130 128 154 145 108 136 62 95 78 128 132 52 88 204 60 81 61 74 42 106 126 155 93 79 165 74 150 78 241 244 137 72 104 115 108 153 56 105 98 24 132 161 142 106 147 110 99 208 107 109 37 279 131 79 46 115 95 83 192 117 95 238 147 157 105 81 141 49 224 123 212 123 183 71 92 70 131 59 158 117 68 205 116 47 49 198 119 178 108 77 147 122 94 102 35 68 120 85 390 37 81 139 68 184 40 191 128 152 116 226 50 56 121 35 191 69 261 268 101 91 174 257 93 89 64 185 152 153 70 110 348 173 196 157 79 192 116 127 119 92 164 92 172 134 110 84 137 163 199 89 165 128 79 42 164 372 119 45 73 26 79 94 72 306 76 75 48 91 171 146 145 105 114 206 44 161 65 59 56 90 105 98 95 240 57 223 171 129 124 179 213 53 200 184 124 243 128 90 50 83 105 153 250 54 212 134 97 176 73 88 106 181 91 44 69 40 83 153 113 115 53 223 115 69 185 53 58 109 173 237 267 154 161 101 73 89 243 97 343 36 87 67 165 105 139 103 120 76 212 38 134 153 215 105 170 171 201 161 80 100 68 225 140 127 207 149 278 46 173 30 121 171 113 305 137 35 86 84 96 57 172 138 38 94 101 92 27 87 140 219 171 111 63 
122.796
75000
74 167 158 24 212 40 118 92 141 110 179 208 128 39 163 80 196 85 201 120 147 98 88 172 49 32 73 191 92 95 90 70 39 115 313 43 111 135 163 64 60 104 85 54 77 76 116 164 113 121 165 74 53 80 174 68 59 184 196 59 158 140 178 43 134 134 219 110 251 30 156 105 40 183 148 88 179 120 111 171 39 106 82 119 65 76 72 152 219 84 179 91 78 53 231 63 60 99 162 78 128 143 156 76 70 309 153 82 104 132 193 79 29 64 55 167 102 39 159 98 55 107 105 125 138 79 57 170 153 153 98 82 116 150 210 201 302 78 77 89 92 149 82 61 84 41 188 27 64 244 56 87 141 77 72 157 166 29 45 112 259 227 32 50 42 112 174 209 30 84 103 122 51 199 161 159 81 169 90 88 173 123 163 141 47 41 330 78 111 88 228 272 89 96 134 199 121 130 105 90 202 76 184 142 98 206 30 131 267 136 126 145 49 206 69 77 96 393 184 127 59 54 57 57 97 35 126 137 137 45 63 116 275 77 152 142 82 173 121 45 80 62 94 68 135 93 153 229 75 188 222 132 121 75 123 131 53 95 83 95 72 108 116 96 71 131 256 137 144 193 318 286 94 210 144 102 199 189 102 91 86 71 57 125 88 79 115 82 185 95 78 145 122 56 171 175 83 53 164 112 164 152 46 195 185 43 58 72 109 40 126 95 141 146 40 157 118 83 60 46 38 117 144 221 178 174 79 54 107 248 80 203 95 88 56 203 70 40 107 80 71 186 211 102 105 146 119 354 252 121 78 91 137 197 193 118 86 248 109 153 64 156 133 30 48 152 83 82 158 45 80 161 50 232 120 68 131 164 165 208 113 157 148 173 96 23 221 113 139 136 59 64 142 57 340 51 128 113 115 134 83 206 139 98 49 64 61 33 130 183 102 117 83 172 129 259 92 254 342 40 44 113 118 139 66 72 132 156 57 175 44 99 139 50 43 114 65 75 172 166 228 120 120 60 126 73 225 213 148 272 224 133 137 48 151 60 161 142 107 212 149 189 58 53 37 39 222 112 167 171 56 182 306 48 108 103 109 109 131 77 123 56 146 142 62 88 213 126 224 127 155 181 216 51 116 50 63 72 373 86 
122.562
80000
82 74 140 56 94 40 141 180 141 84 215 101 173 42 70 66 54 18 218 118 90 94 31 87 164 44 142 110 88 164 81 104 197 152 164 122 437 203 44 74 71 84 92 174 123 239 133 86 103 172 315 97 92 58 162 76 100 52 138 100 188 62 257 126 129 266 116 100 138 58 128 96 330 156 100 61 107 141 149 119 209 56 67 71 38 110 76 65 109 48 90 133 65 109 206 75 274 81 160 61 116 144 160 199 57 64 111 88 27 58 146 236 283 67 67 113 102 53 42 67 129 80 148 168 122 95 166 121 98 83 153 20 28 52 33 117 74 45 218 57 74 156 166 61 205 136 47 153 57 189 91 50 88 148 114 140 29 113 266 34 29 152 108 175 88 122 231 71 133 62 58 50 292 155 183 128 154 93 104 141 72 77 50 18 59 92 100 118 165 236 72 57 90 67 124 49 57 107 180 59 57 101 80 108 159 64 67 89 83 49 114 172 158 42 206 187 22 179 32 61 134 172 183 79 297 152 109 111 96 85 82 56 152 38 165 156 147 288 88 159 161 190 208 85 52 153 94 135 223 105 68 242 168 89 112 123 77 138 177 116 119 257 105 57 214 152 86 60 49 72 139 58 96 128 159 109 113 92 147 57 31 104 156 139 88 77 78 162 143 55 40 64 86 218 116 92 49 99 59 332 266 159 124 73 168 32 90 68 128 23 104 55 146 55 54 118 70 95 150 46 92 120 287 120 157 162 120 122 87 53 100 159 110 168 65 227 96 152 162 109 68 91 68 94 116 163 393 178 73 109 276 148 120 109 184 78 256 220 41 73 114 166 233 54 159 55 61 31 100 58 233 121 209 129 217 129 161 83 42 64 49 95 77 58 156 63 174 102 252 113 147 70 34 41 102 65 56 233 180 153 129 88 99 79 54 77 134 127 110 106 91 172 145 183 203 181 134 48 102 258 100 60 163 259 134 59 65 48 157 154 36 449 94 135 108 146 153 87 354 129 79 73 26 87 151 54 39 209 171 96 121 70 291 227 62 51 161 137 95 80 236 62 106 80 42 122 105 42 167 99 189 82 263 179 66 119 155 241 168 59 139 123 57 49 47 40 130 158 51 104 103 181 72 144 90 60 62 117 71 68 
118.554
85000
57 145 105 130 213 144 50 71 285 61 127 83 220 32 87 150 236 37 170 62 60 118 154 68 77 182 43 163 85 111 210 149 87 68 164 228 170 77 100 57 86 82 87 115 55 138 51 115 53 193 214 81 33 274 26 134 112 102 212 140 107 173 122 47 145 173 53 103 114 148 151 163 194 53 48 83 88 133 132 117 177 45 65 226 44 39 115 212 51 115 172 29 91 227 92 96 83 102 79 192 140 84 84 58 116 195 180 198 155 85 176 155 202 148 177 210 129 112 164 67 180 59 60 33 122 144 190 134 58 143 145 217 185 58 154 89 99 115 147 203 49 235 150 156 119 135 254 111 103 166 160 198 149 131 57 108 146 73 251 126 170 51 168 81 98 188 263 129 112 65 252 100 140 313 126 156 160 111 150 131 145 117 135 175 57 138 93 127 104 96 180 80 149 74 251 95 128 117 173 157 43 157 71 85 84 36 88 74 151 70 111 45 37 167 80 79 107 107 101 80 134 100 62 72 254 140 231 38 60 263 158 115 133 68 151 97 84 105 135 80 71 136 49 163 152 159 25 78 98 158 72 74 34 161 175 40 131 58 75 103 89 76 112 67 126 212 108 143 224 84 178 143 190 88 255 88 113 201 51 118 127 114 101 70 83 83 110 99 49 112 145 61 23 94 282 140 250 197 200 68 106 55 80 74 110 169 262 116 185 246 48 48 90 206 141 77 94 71 260 344 327 57 186 88 93 84 184 141 125 297 92 104 147 64 278 198 130 76 69 103 82 148 41 117 76 89 280 173 120 241 128 102 195 51 106 272 65 204 65 54 52 61 134 89 90 108 187 50 123 48 104 83 153 150 90 138 56 67 139 242 146 44 217 245 68 142 74 114 36 72 58 104 110 167 97 126 145 292 294 61 151 85 98 229 267 184 67 99 73 102 71 176 67 176 272 60 44 36 107 229 76 167 252 89 201 205 134 131 103 237 115 101 131 45 40 64 145 127 80 82 77 380 73 81 177 149 153 104 76 124 128 155 102 132 77 119 98 137 111 229 218 79 257 67 73 74 144 75 175 124 44 51 171 55 108 172 227 45 86 96 81 27 104 151 42 166 109 84 122 83 87 43 157 73 51 102 125 141 171 83 
124.064
90000
79 80 170 70 63 238 45 80 73 56 152 285 285 123 21 103 140 74 120 124 168 205 30 62 119 77 115 149 102 50 75 206 135 101 80 185 33 174 135 179 152 304 264 147 75 207 156 74 207 129 52 86 79 140 189 151 114 95 65 120 197 96 144 63 127 64 199 111 103 55 134 78 185 41 161 64 255 126 45 195 137 120 60 82 135 128 110 150 180 263 123 138 136 260 164 155 153 249 255 117 193 108 73 233 77 60 45 121 105 80 100 117 124 52 256 51 118 112 75 251 32 48 82 126 141 271 174 78 57 177 145 123 173 96 105 332 106 93 157 34 79 68 141 87 80 100 51 215 137 68 128 94 189 120 59 170 99 44 78 217 201 90 81 36 39 157 162 62 222 47 39 117 79 71 88 102 66 53 49 42 117 31 103 71 21 55 92 101 85 56 63 62 59 167 142 134 147 185 104 154 145 103 305 112 123 201 54 23 169 267 114 174 82 90 337 84 210 225 82 108 168 24 150 40 224 73 51 191 98 120 118 125 240 128 59 340 107 72 150 208 58 139 56 109 110 178 39 100 114 47 70 79 105 108 159 105 39 187 64 206 72 69 154 28 68 97 101 104 288 49 26 134 116 158 120 79 133 24 199 56 58 152 75 139 81 72 151 126 119 81 197 106 157 279 44 41 137 72 185 41 33 227 202 86 48 73 197 76 215 154 82 82 68 159 188 68 161 94 32 99 142 132 111 150 40 135 99 168 47 34 87 37 93 61 70 196 104 172 35 248 29 53 76 104 101 159 24 114 40 143 109 97 113 171 122 53 90 85 85 88 136 79 64 55 66 53 81 98 79 84 72 67 120 174 151 152 60 211 69 63 74 55 97 58 65 65 118 167 107 171 150 154 66 49 206 163 218 181 127 149 69 49 75 170 75 73 83 142 119 131 150 270 94 245 223 142 268 73 30 137 118 57 137 216 319 50 52 215 114 69 59 73 134 40 172 286 133 107 165 174 80 117 28 122 102 129 66 335 107 58 78 401 146 118 110 57 130 82 262 132 61 55 136 204 89 70 73 95 120 87 249 92 221 63 140 63 88 94 47 90 140 66 132 95 174 122 152 129 284 173 39 126 78 162 220 51 219 84 275 101 
119.636
95000
127 93 195 78 168 109 101 73 390 124 77 147 128 104 51 235 245 135 134 192 127 148 49 85 74 120 274 104 112 241 70 164 78 40 70 222 83 46 51 132 88 121 114 88 89 75 45 124 63 86 100 38 178 128 159 208 92 75 132 62 212 102 40 112 47 47 164 27 73 106 297 157 239 105 106 148 147 41 211 90 134 141 95 122 110 129 141 54 159 45 220 159 68 162 102 115 203 90 87 25 329 37 138 299 36 123 110 65 42 93 126 99 201 108 53 212 98 166 95 106 285 41 163 218 201 179 213 56 76 68 89 65 124 92 110 258 69 96 222 186 145 205 92 75 84 94 86 78 91 135 106 84 60 63 127 59 66 108 43 74 108 164 103 148 90 158 104 122 83 182 45 86 82 332 126 103 176 65 158 219 60 139 99 159 142 110 289 179 243 46 161 37 119 46 73 84 114 131 207 223 118 64 148 87 31 86 72 57 235 164 31 125 37 111 212 237 76 44 101 56 249 85 164 75 106 101 99 152 96 89 127 63 117 87 148 80 170 120 38 214 82 76 215 104 173 100 96 95 97 57 221 41 116 133 36 97 203 154 88 89 137 223 51 57 124 298 69 90 211 59 151 57 211 145 124 30 208 111 42 98 129 221 81 62 84 70 168 145 112 64 228 70 95 76 82 55 77 166 82 147 32 214 41 106 90 55 93 99 167 353 102 114 191 98 37 273 238 72 242 137 90 121 154 234 248 141 57 138 167 41 145 99 222 67 100 132 182 157 157 152 57 147 103 161 152 44 100 106 65 156 77 129 103 99 138 91 91 208 227 76 130 147 134 70 45 401 129 170 145 43 131 104 52 148 170 85 95 91 81 42 102 126 152 197 76 45 179 73 53 41 191 33 38 90 150 75 164 79 89 136 229 171 93 59 75 138 163 173 229 160 138 209 71 181 211 157 53 104 182 161 18 160 186 44 316 64 146 168 53 37 144 144 87 109 186 85 237 262 71 282 80 52 101 84 139 226 124 224 105 221 156 192 101 26 124 233 137 280 141 94 111 42 60 59 110 60 85 168 96 117 163 130 38 229 54 96 63 132 77 154 133 111 120 147 56 110 146 130 206 117 44 99 107 57 234 148 155 207 83 95 
123.24
100000
51 99 95 158 37 132 116 40 155 113 120 172 154 150 101 126 174 58 167 67 33 104 219 69 143 105 40 255 66 203 103 50 134 186 46 87 199 32 41 172 57 143 144 38 222 23 80 49 111 105 44 42 189 84 35 161 179 256 278 158 41 171 134 62 165 184 179 109 273 115 88 207 178 164 125 60 168 89 190 24 184 158 72 101 106 103 126 103 132 56 94 78 170 174 176 123 138 73 124 19 104 139 216 35 63 73 216 253 38 93 119 259 117 105 61 192 66 107 147 124 75 106 62 66 141 179 298 143 55 106 106 55 138 64 135 28 124 39 159 91 57 113 48 74 80 62 154 83 32 96 66 109 247 150 113 43 98 142 59 116 197 125 112 93 39 131 56 72 304 86 94 282 112 165 157 162 39 117 56 82 111 81 90 114 50 100 51 169 164 166 184 57 119 31 415 139 227 187 66 149 100 117 69 189 98 71 108 74 60 103 167 80 108 124 147 84 194 43 35 151 86 32 64 50 117 39 132 109 119 112 150 142 63 68 211 137 129 179 231 182 63 117 53 141 120 326 155 37 69 128 185 59 233 40 115 59 93 59 158 117 216 268 48 72 79 230 181 154 268 103 127 208 106 236 236 103 60 42 80 163 50 53 164 148 118 192 243 280 131 40 267 82 255 100 116 178 263 106 266 80 101 80 83 134 104 90 55 32 34 93 168 263 107 137 84 160 100 58 205 130 76 53 98 84 103 117 178 47 187 100 188 60 160 139 136 277 84 110 203 191 94 139 28 138 113 196 88 71 66 92 215 134 67 106 137 129 186 107 67 184 33 97 274 177 95 126 146 48 113 79 60 262 232 141 74 122 120 83 66 215 76 126 131 134 83 133 70 192 140 150 98 162 188 137 54 108 110 149 260 95 109 39 195 132 72 77 113 134 123 385 89 225 74 141 166 231 61 77 145 55 96 63 136 123 222 51 290 75 57 159 59 80 98 52 114 118 232 261 95 256 63 111 95 165 166 213 144 118 94 129 227 103 66 33 58 84 25 254 79 34 74 189 121 135 210 88 139 183 83 118 30 218 59 25 174 56 173 193 52 131 171 89 131 83 50 27 122 155 91 83 110 159 232 129 118 137 150 151 109 150 
122.946
