500
110 254 88 200 105 27 125 118 129 49 71 79 203 89 81 44 68 120 38 122 206 68 47 152 50 59 79 117 110 76 77 95 100 41 14 61 59 36 24 124 58 47 113 100 96 28 74 187 74 143 125 92 64 156 26 78 77 64 60 102 107 60 152 117 93 90 120 33 62 69 37 170 63 57 48 144 114 72 62 121 100 111 43 50 86 58 62 97 32 56 36 57 74 91 80 158 124 82 94 39 35 147 192 115 82 95 117 53 54 83 56 96 117 11 132 101 72 90 11 140 115 73 124 103 94 117 45 77 143 87 67 139 66 122 22 128 81 49 14 90 131 96 22 61 174 63 121 115 51 111 104 40 126 35 111 73 89 123 50 157 128 127 67 71 94 48 137 63 28 121 59 47 113 85 82 132 131 20 69 99 204 55 97 103 19 120 42 81 48 24 17 207 208 165 141 92 30 59 82 92 60 188 217 93 61 91 103 85 84 26 29 66 135 40 41 130 75 72 132 176 56 30 74 181 57 25 66 94 35 78 58 20 64 111 184 84 63 143 115 111 77 89 45 16 53 46 128 155 126 32 77 54 195 29 111 85 173 60 76 108 133 27 85 52 75 68 94 26 26 100 27 58 62 74 13 72 109 17 57 77 61 26 72 84 75 117 37 64 29 62 103 190 189 199 50 198 113 117 92 83 122 199 126 191 69 30 110 112 69 31 31 22 243 74 47 143 80 33 38 45 98 86 38 51 104 67 74 77 52 96 89 56 66 33 43 149 127 91 89 33 89 78 34 47 43 70 34 28 35 46 40 93 88 61 57 71 103 129 38 120 161 82 110 64 63 51 32 46 80 57 26 102 50 57 53 127 81 71 15 73 143 53 134 61 42 126 65 111 46 28 31 94 154 94 107 96 151 71 109 99 109 196 130 85 11 103 34 69 105 41 97 99 173 66 117 109 72 62 63 152 232 45 64 164 33 45 52 66 50 101 78 112 92 20 53 28 47 92 81 58 76 95 81 175 90 39 80 112 77 56 58 79 124 94 101 111 200 145 74 58 112 66 89 141 41 35 67 85 33 80 48 157 42 60 36 129 148 28 92 42 151 80 116 81 25 67 75 168 111 118 42 47 67 128 46 191 177 127 126 70 
86.09
5000
95 265 124 90 64 117 84 68 115 246 15 152 163 54 124 196 76 167 139 246 366 75 207 361 113 133 179 94 80 116 124 268 381 176 75 31 138 120 57 93 25 46 115 74 179 126 266 96 61 260 212 75 174 269 180 51 392 34 57 103 113 20 110 48 151 158 145 224 73 245 81 146 181 156 81 142 139 43 128 232 125 204 289 101 50 220 35 121 136 106 150 295 180 202 73 493 91 251 183 95 226 273 208 107 91 152 53 293 130 104 72 215 206 76 109 218 177 148 90 54 98 87 145 196 155 66 110 214 126 252 63 256 258 229 126 76 34 174 35 225 76 152 136 285 152 23 80 262 52 139 127 245 151 196 30 140 184 215 99 96 225 90 225 96 164 52 173 76 68 172 91 185 42 245 72 247 97 95 83 476 268 31 178 161 173 180 59 265 151 63 136 102 240 201 187 201 89 114 177 193 122 184 236 107 178 224 115 187 202 101 54 77 95 113 94 250 84 304 85 72 97 172 222 363 62 42 176 36 85 178 45 247 160 169 96 164 193 299 205 65 378 201 49 122 117 197 73 122 215 207 108 73 185 94 94 71 157 168 144 123 256 32 125 114 26 106 174 198 120 197 73 146 60 206 78 234 381 118 188 155 87 150 267 195 54 180 35 66 92 51 68 197 290 336 64 256 246 287 96 139 46 143 122 224 94 63 120 272 90 164 68 54 202 141 208 168 171 66 68 108 299 141 73 280 132 48 223 44 97 149 135 232 126 191 44 108 189 108 57 80 191 72 62 90 53 58 94 61 117 124 111 58 226 136 211 57 109 148 92 389 184 60 150 81 128 99 76 152 37 173 80 81 131 101 56 163 61 97 75 200 160 148 168 87 69 369 42 50 76 95 69 181 376 38 116 300 160 50 52 248 171 320 159 29 222 118 80 464 26 105 57 112 188 199 122 138 235 177 92 119 202 117 180 218 277 68 24 143 24 182 197 259 74 89 55 56 276 109 39 103 202 89 82 95 103 29 142 146 139 240 52 22 47 80 134 80 157 173 114 254 159 80 255 193 116 59 92 66 36 226 105 142 92 147 123 134 85 66 49 190 95 108 142 238 65 167 169 122 77 162 90 75 44 205 79 127 252 130 147 145 
141.228
10000
271 46 86 44 78 43 78 161 162 88 95 206 515 62 100 282 295 168 119 225 343 135 116 269 85 202 103 110 119 78 108 381 553 275 62 188 214 61 54 213 227 126 149 40 100 148 93 198 69 127 57 92 156 126 214 57 220 146 102 165 147 65 391 47 33 140 154 249 42 130 24 102 175 159 63 86 204 60 106 166 170 230 372 401 142 434 166 67 83 61 33 403 88 224 59 84 326 163 345 71 330 145 181 141 220 47 169 350 146 304 180 335 107 104 111 455 133 300 23 162 110 115 121 92 199 146 36 54 103 77 191 210 308 149 86 211 387 71 101 283 114 75 90 143 38 127 100 177 239 55 213 88 103 67 144 67 168 111 95 488 293 97 306 215 76 38 280 30 56 238 26 431 290 195 66 53 389 76 41 161 140 148 125 110 74 230 182 143 59 140 88 76 103 433 128 45 158 106 257 136 87 339 66 71 159 158 79 321 83 395 125 114 299 66 139 266 93 157 147 183 376 128 151 356 71 134 136 62 170 139 246 293 39 61 55 187 384 130 122 48 158 116 41 147 84 284 75 91 133 51 102 87 125 80 198 97 59 164 131 104 168 53 128 120 53 126 117 213 66 187 18 192 71 26 116 156 183 73 186 90 284 95 436 297 147 283 161 178 64 115 93 415 151 230 128 316 260 220 74 169 221 286 231 351 312 141 115 246 146 148 102 106 111 237 48 237 274 281 171 199 214 86 163 348 82 151 280 216 117 328 277 305 206 233 157 197 262 158 74 154 219 229 187 221 120 71 176 143 42 152 153 26 390 104 203 79 104 242 209 188 68 62 182 143 103 53 64 138 105 257 34 382 127 134 22 219 202 63 102 134 208 181 233 176 36 314 100 82 119 86 205 384 154 149 114 287 37 87 195 83 202 234 313 269 78 94 18 572 127 105 55 193 162 59 274 123 157 158 223 66 161 94 112 357 215 161 165 79 64 145 169 108 39 169 89 45 138 169 84 118 154 145 94 81 130 60 82 182 193 113 65 52 89 123 224 40 143 305 122 123 243 117 115 370 164 87 139 76 63 140 31 137 102 73 162 203 181 75 127 272 425 130 178 49 22 124 59 85 135 86 72 350 164 288 81 278 287 498 454 164 
159.53
15000
181 228 304 412 57 24 254 330 181 47 160 124 301 99 221 146 150 141 200 76 381 156 103 332 101 194 232 54 160 256 72 361 74 265 62 49 101 282 112 362 54 191 64 285 148 127 181 239 214 223 137 204 128 180 296 65 323 124 60 165 267 219 257 407 154 278 165 135 62 147 54 68 86 82 138 264 61 152 45 151 334 71 134 215 174 295 90 104 53 172 56 686 429 169 337 306 102 198 408 81 100 250 489 307 354 127 223 291 124 72 79 181 321 116 275 29 171 144 112 162 232 119 219 340 120 124 41 49 158 343 255 185 424 305 73 75 386 210 153 134 118 82 84 199 74 98 86 216 77 234 87 86 234 53 80 59 157 157 245 332 267 95 241 131 61 107 145 102 62 180 71 453 75 58 69 159 105 212 63 186 161 86 242 59 113 262 104 47 59 216 123 133 289 417 60 518 298 84 141 57 91 320 135 391 244 96 46 190 130 163 117 248 294 142 154 126 268 78 168 146 109 130 256 384 131 93 74 52 66 219 179 327 306 173 129 116 171 318 37 239 107 121 40 202 182 193 60 269 88 171 145 98 96 28 196 34 258 62 80 142 124 119 263 226 304 197 87 197 66 253 50 185 156 217 42 81 294 127 96 329 154 60 250 19 33 263 79 57 148 72 88 115 397 258 117 454 253 146 184 257 265 359 305 194 311 122 165 106 302 255 181 158 302 132 115 65 81 116 87 478 413 233 138 39 129 201 195 211 95 267 144 214 109 279 20 196 69 276 48 135 183 144 196 69 136 66 131 116 68 199 75 55 351 207 188 79 227 226 33 210 178 31 171 261 28 219 54 91 35 268 66 80 86 67 80 236 78 202 100 297 224 214 38 139 137 225 111 79 113 63 113 285 142 293 63 258 261 397 183 166 387 289 86 155 177 108 150 173 202 94 161 65 168 250 114 267 32 85 67 80 281 18 188 389 273 189 117 74 90 94 186 272 160 303 36 161 172 89 116 97 195 242 310 181 25 71 238 237 84 206 310 50 332 285 340 95 284 156 182 32 64 35 152 173 147 259 85 98 23 227 72 331 105 66 129 155 118 76 136 187 169 78 472 78 153 69 206 102 47 103 50 170 192 358 271 149 255 161 249 142 
169.456
20000
182 266 338 329 123 171 143 282 224 293 101 177 165 35 78 246 368 338 138 73 199 73 213 412 246 188 143 229 270 169 81 300 111 102 44 171 364 311 84 171 37 91 157 206 78 118 239 134 160 198 83 83 511 219 336 35 68 288 227 97 435 143 96 176 208 76 159 136 38 282 62 354 117 66 117 112 207 207 92 218 303 147 110 56 90 169 224 65 162 162 78 97 126 191 141 241 372 30 156 110 249 136 308 247 245 32 189 307 47 71 97 186 280 64 176 204 226 114 91 259 415 94 304 479 273 148 132 137 116 88 34 207 251 36 191 296 187 363 97 196 138 213 327 173 123 177 154 138 324 134 253 68 455 92 461 112 219 422 91 310 162 239 294 115 138 244 224 274 77 178 49 191 160 140 97 104 298 53 285 336 86 48 103 75 99 135 444 86 50 156 75 233 94 327 173 360 340 199 60 218 234 186 394 126 156 94 75 228 70 252 45 189 209 75 76 228 237 115 108 70 516 97 160 86 168 128 93 40 84 54 274 133 63 69 26 178 248 75 112 180 100 345 124 117 103 83 76 279 127 266 95 170 175 132 121 92 207 328 121 135 485 58 413 122 152 152 107 74 90 101 38 260 121 100 119 195 46 48 61 65 601 106 567 255 165 156 264 99 52 68 64 87 320 417 36 144 166 295 275 125 202 495 269 169 19 195 128 93 121 117 253 126 570 277 144 209 196 176 78 425 709 84 131 392 132 35 96 80 134 102 105 313 377 102 17 139 165 42 158 265 136 72 138 160 112 148 76 227 181 167 34 60 274 198 187 146 195 333 182 198 239 58 95 237 124 112 62 53 101 162 70 218 189 70 161 140 136 67 166 81 106 71 201 229 183 265 161 80 165 94 101 66 159 393 123 209 250 83 27 67 76 325 316 377 158 234 64 391 34 261 118 210 309 124 229 176 152 316 87 176 518 151 170 81 127 139 192 92 74 114 152 204 151 265 67 136 198 130 190 218 134 219 76 147 126 135 104 112 120 307 198 61 138 50 388 116 223 258 141 166 274 36 256 225 82 202 298 149 76 109 81 159 63 98 108 274 226 172 72 89 109 133 262 245 36 190 106 212 121 31 70 171 214 205 193 50 347 103 70 114 
172.456
25000
128 274 194 110 110 193 165 327 122 149 98 157 604 103 84 398 299 194 53 191 386 36 305 186 238 56 95 59 129 213 247 351 440 420 42 89 201 338 82 286 184 184 172 147 69 200 242 153 221 165 91 104 389 254 229 39 217 268 225 274 321 37 208 83 139 221 72 61 46 183 70 310 119 120 153 247 279 57 91 53 46 32 250 105 93 27 284 168 156 175 60 299 178 168 46 317 130 166 145 97 100 350 245 59 83 178 182 565 166 267 358 211 437 192 145 261 160 285 137 117 126 233 47 416 279 163 148 136 113 220 170 126 211 95 71 202 161 244 91 66 127 311 176 150 105 169 106 57 96 174 116 272 218 143 287 95 114 285 309 183 218 128 163 65 155 219 146 188 129 39 43 175 148 34 49 303 186 41 119 222 244 107 446 372 208 282 146 90 166 105 93 276 218 168 76 176 144 135 208 147 60 282 298 129 276 202 133 57 256 201 46 105 175 117 200 30 111 278 135 214 131 175 208 291 87 226 119 228 241 110 111 136 356 145 33 75 77 98 109 65 63 92 190 41 76 132 93 165 218 261 77 233 178 69 103 61 260 272 90 111 239 145 234 57 69 205 200 137 63 82 65 199 114 46 112 402 215 213 45 270 437 135 196 83 41 96 97 231 234 140 110 254 251 241 135 195 348 173 237 47 189 535 343 68 133 105 158 421 123 258 57 337 126 196 59 249 173 49 30 165 289 229 121 228 149 176 198 153 209 220 170 103 171 106 132 62 66 60 144 155 42 181 295 161 137 110 174 47 221 213 128 171 95 294 340 217 279 95 31 237 111 120 394 86 250 358 148 30 59 269 52 485 21 105 161 265 60 106 127 272 225 174 308 339 67 50 151 84 26 107 69 78 316 238 243 312 182 144 177 59 379 80 226 359 98 30 212 662 232 246 153 117 34 165 135 283 87 321 101 197 110 204 136 149 201 194 367 52 203 207 175 50 83 133 28 72 55 415 27 81 229 30 65 127 127 203 92 182 69 82 172 96 166 34 466 24 147 223 120 176 201 83 194 204 230 243 63 126 99 343 54 193 140 160 249 145 132 43 70 164 130 43 218 137 169 246 161 126 57 66 126 177 288 353 160 110 117 348 226 119 
170.388
30000
162 352 148 233 152 213 282 298 111 387 200 414 236 115 94 390 494 125 126 289 142 64 58 40 275 150 85 29 188 407 187 147 323 170 56 265 23 250 216 304 148 378 136 156 54 161 177 161 84 385 262 141 74 172 235 70 100 202 222 30 472 135 296 251 269 204 275 203 172 358 175 241 238 227 327 156 258 88 212 263 371 174 99 508 220 46 101 183 146 170 47 377 249 189 216 454 81 456 202 69 363 378 450 153 38 110 215 218 56 221 111 66 133 75 80 95 215 247 147 319 61 184 119 387 351 118 130 120 106 341 169 350 176 392 197 57 90 323 162 265 45 128 266 220 100 79 254 72 172 341 251 145 326 141 329 54 422 255 61 203 48 149 295 62 156 168 112 115 104 277 15 309 60 89 149 174 170 55 71 234 279 156 618 153 63 45 253 220 99 106 99 735 402 126 150 151 118 121 229 61 460 135 47 218 107 62 152 343 165 155 125 26 203 112 76 132 315 135 106 95 344 192 160 164 415 80 94 218 281 152 152 150 226 232 93 93 119 80 117 178 30 353 99 100 126 153 147 247 246 129 107 175 90 175 344 129 187 358 192 235 92 110 155 344 22 176 125 302 47 455 71 143 96 111 129 154 170 147 239 231 309 115 213 327 133 92 295 269 48 148 81 291 113 100 370 442 194 183 33 165 119 585 101 131 127 149 131 206 91 189 34 175 604 30 112 82 149 222 138 185 366 271 252 483 219 137 333 96 41 297 87 207 295 183 123 105 119 121 135 324 192 114 69 273 169 212 49 191 98 352 244 68 203 74 308 37 183 60 231 149 236 57 179 76 89 87 407 194 194 242 105 130 276 112 114 174 253 132 102 212 353 20 144 205 178 84 51 213 159 83 100 211 227 385 140 373 158 381 341 207 275 107 276 186 97 59 158 243 143 264 63 125 217 124 189 65 251 137 30 288 79 86 78 297 152 189 213 26 235 283 126 254 85 190 60 201 335 177 61 280 251 227 175 63 117 217 118 293 149 267 103 128 334 295 245 115 282 101 291 305 173 98 155 55 280 81 206 143 125 32 77 435 95 62 96 432 223 137 110 417 315 71 164 127 70 302 278 99 163 135 118 268 256 398 386 224 79 284 99 96 
187.006
35000
85 203 348 61 78 85 173 578 69 96 28 274 278 88 244 305 93 208 105 101 179 97 70 240 191 325 177 152 143 273 165 198 73 244 156 152 350 473 92 253 89 284 30 58 262 108 40 260 277 188 27 73 172 47 345 55 221 56 34 291 230 74 193 92 186 212 82 262 88 259 80 189 96 344 147 243 262 19 68 497 393 111 184 183 150 386 283 130 78 90 98 268 223 419 267 343 82 75 190 184 178 261 329 657 114 114 109 181 257 246 329 256 187 65 254 98 176 306 171 268 156 88 62 584 85 203 325 128 64 204 287 439 127 461 119 346 260 256 151 94 135 301 236 95 118 196 88 118 56 555 264 33 296 401 334 146 321 182 134 171 242 333 158 70 278 379 248 206 149 434 80 206 384 68 106 406 169 158 136 631 295 129 341 447 218 279 240 280 225 105 263 104 194 54 213 408 69 195 188 110 269 261 240 91 148 124 101 254 130 412 207 29 226 170 152 184 363 188 79 292 77 226 141 203 181 288 129 92 79 244 104 187 337 182 51 160 207 173 105 54 159 264 120 62 175 69 58 280 135 240 210 68 94 136 132 164 448 204 141 190 99 32 307 172 84 340 228 282 132 363 60 188 216 100 221 484 188 217 144 204 296 99 130 285 123 258 134 166 124 111 137 197 407 250 177 88 155 100 205 187 142 415 180 184 131 180 131 206 170 151 179 123 293 88 69 333 330 95 89 117 40 109 190 382 473 51 146 150 159 117 110 159 264 598 108 110 593 248 26 197 214 122 201 102 46 187 303 240 93 247 101 87 156 141 477 148 52 216 124 219 171 109 525 314 85 192 180 77 85 186 141 242 47 76 146 333 174 149 155 41 160 72 88 137 128 37 103 35 32 118 121 230 421 159 140 310 231 195 96 120 217 129 238 168 110 90 154 147 248 304 98 212 257 171 243 427 302 100 68 421 288 94 152 126 174 230 108 96 148 177 278 126 381 80 104 335 110 158 272 289 132 44 249 92 176 80 82 206 37 246 124 139 83 298 321 174 160 161 236 392 220 111 66 121 77 197 47 137 144 192 52 125 47 78 86 92 113 98 48 85 130 122 299 278 81 268 175 153 52 164 149 163 302 145 386 88 84 76 339 77 
186.668
40000
179 695 497 166 112 148 158 225 59 223 114 168 311 85 123 196 186 108 143 309 485 41 130 327 258 205 211 52 163 261 215 142 355 134 192 405 131 256 148 161 100 264 147 107 74 37 192 130 178 116 77 158 129 708 239 153 179 326 192 124 201 81 240 232 115 164 129 207 128 226 74 72 76 55 147 175 169 181 54 272 148 26 313 97 90 70 83 174 43 132 60 381 405 372 141 285 44 302 129 68 76 297 95 422 410 235 146 188 185 174 220 215 166 204 111 435 194 255 118 136 128 109 206 133 337 181 195 188 172 313 97 152 60 146 66 174 362 143 44 116 179 244 215 467 163 108 156 52 251 43 190 88 323 273 237 59 117 41 249 149 313 66 224 45 104 222 95 150 27 353 123 286 118 56 135 213 187 106 227 84 248 49 175 578 90 238 254 128 77 90 40 306 497 739 215 141 261 168 153 194 192 193 322 97 205 232 104 116 237 342 205 103 461 60 163 346 198 172 162 160 255 151 68 109 255 196 311 55 164 356 152 113 144 285 76 126 73 131 270 398 230 274 37 118 107 216 52 147 255 233 126 125 171 83 263 62 244 181 40 143 88 67 82 129 57 185 36 60 99 132 76 26 137 87 62 140 356 143 115 104 271 75 109 317 140 243 166 92 91 70 49 158 507 157 133 233 180 113 39 68 194 120 152 146 294 51 142 186 84 139 303 276 312 128 57 233 136 76 95 220 111 144 195 95 354 128 190 155 172 246 265 121 164 122 69 258 30 476 225 64 104 100 105 236 125 142 134 181 124 162 151 198 220 186 147 46 352 509 132 171 172 122 85 308 83 292 96 49 31 375 72 296 90 101 168 568 249 173 115 192 144 154 482 317 68 294 265 143 141 57 139 307 107 235 92 60 416 353 192 85 278 176 424 102 44 286 156 169 66 291 175 354 398 121 125 176 88 335 153 300 189 180 124 464 180 176 323 115 208 247 221 93 340 250 141 137 276 251 294 176 263 235 116 81 66 124 100 175 174 394 142 121 320 111 111 85 125 312 126 217 208 94 499 171 107 180 238 223 84 261 48 280 63 94 189 136 206 157 97 169 133 142 643 194 159 161 155 294 180 97 35 67 224 87 70 201 273 182 232 47 
181.858
45000
296 222 128 203 216 134 105 239 417 302 86 118 349 67 248 109 175 190 111 346 177 279 82 136 143 105 68 29 123 125 177 215 302 264 157 71 261 226 167 219 159 195 271 292 119 292 89 51 244 340 88 61 201 167 206 153 206 289 44 316 324 116 116 232 65 158 313 100 53 144 67 69 121 112 165 241 192 94 105 357 78 121 532 214 319 107 100 45 159 74 180 164 953 203 109 333 99 224 105 162 217 168 341 263 103 153 142 188 131 310 197 104 104 54 137 399 372 117 41 114 226 117 286 281 195 272 248 49 60 219 113 302 184 435 38 270 107 75 76 82 315 322 180 55 274 318 90 282 170 93 162 97 192 181 456 81 207 85 97 169 373 48 183 279 138 205 129 280 57 57 95 270 154 190 47 328 308 163 205 405 79 40 334 180 167 243 75 90 125 181 63 268 474 279 176 189 283 231 466 194 269 657 367 332 263 77 236 64 51 221 205 82 357 178 201 165 282 60 141 163 223 188 171 152 214 301 218 109 50 180 141 161 267 175 78 224 240 185 64 66 62 236 151 124 130 217 185 165 331 120 260 83 217 172 574 189 461 93 135 200 160 131 347 246 65 133 194 91 59 157 50 87 170 129 253 218 172 169 224 231 366 182 750 252 56 184 201 178 116 217 51 147 210 248 39 267 371 138 424 53 130 397 333 336 65 87 70 192 45 213 74 246 119 137 286 109 110 92 194 83 341 355 172 55 95 235 124 218 106 483 129 252 188 276 81 203 137 278 106 440 116 162 141 81 75 51 63 216 143 77 124 101 313 185 182 92 141 78 212 145 203 134 248 197 147 152 361 195 78 288 185 489 86 159 72 398 219 100 156 184 240 94 204 139 143 351 250 170 110 251 21 378 585 288 148 157 193 194 103 267 106 299 294 443 167 328 187 100 267 155 128 148 343 158 30 63 306 217 175 102 386 146 199 129 182 107 252 30 142 378 147 166 104 200 53 147 432 373 175 308 141 99 241 143 136 125 50 413 71 172 170 92 111 141 67 59 206 118 234 71 487 101 137 331 217 78 264 34 137 408 76 169 164 130 52 321 264 61 217 477 458 72 196 92 129 210 331 157 24 114 47 157 389 291 194 42 266 230 289 58 
189.622
50000
84 185 404 590 339 140 227 457 213 158 96 204 215 29 135 174 227 450 115 146 146 52 317 311 76 161 108 197 307 87 158 217 114 384 35 137 90 418 125 356 149 136 208 87 58 206 155 271 132 319 310 100 210 45 360 102 223 171 239 193 234 90 201 136 143 37 105 237 165 166 73 354 134 101 206 521 289 51 32 287 104 95 299 457 255 68 248 177 106 148 147 617 54 147 232 88 258 245 185 187 492 369 31 187 123 276 101 315 264 60 140 193 100 86 345 192 193 397 208 224 317 160 496 660 125 307 167 131 103 223 278 273 459 186 58 150 101 213 162 359 127 277 120 406 221 143 61 73 130 186 142 257 219 65 210 30 182 139 258 90 164 173 241 131 139 345 134 256 41 168 91 103 198 111 68 427 315 280 150 312 76 63 245 194 98 230 286 123 102 104 114 89 54 358 39 50 315 109 365 55 277 211 153 143 143 129 41 384 129 91 115 68 416 143 403 198 105 197 55 132 484 301 236 213 223 121 101 131 72 270 105 133 423 125 14 137 340 242 36 372 118 49 188 103 176 103 75 233 372 172 150 41 88 93 63 115 254 166 173 173 217 146 184 75 150 321 329 278 43 195 131 227 105 76 131 390 252 104 148 424 274 66 240 70 132 192 182 225 77 36 83 233 377 317 122 279 296 312 141 117 383 283 311 158 95 146 160 285 188 183 74 188 364 61 229 380 202 155 115 395 539 26 505 341 188 99 234 43 73 193 125 73 529 269 53 166 134 206 87 284 262 138 116 220 186 83 116 134 137 275 109 72 257 141 159 107 344 183 128 77 422 108 217 154 150 120 224 41 93 85 218 95 57 78 249 141 422 68 82 209 20 53 55 153 296 237 408 124 55 46 143 346 307 128 315 325 266 276 268 114 249 330 69 59 59 160 95 311 153 40 252 74 144 102 59 338 323 57 44 161 370 121 219 440 143 281 258 187 102 393 186 324 65 369 127 187 74 294 122 36 23 138 168 135 103 297 121 221 192 49 98 178 233 211 121 156 296 279 321 66 206 113 89 330 165 338 155 183 71 238 81 368 257 79 40 81 67 127 149 198 245 32 229 381 103 190 131 62 121 158 220 309 344 158 123 332 198 212 67 90 
188.368
55000
277 341 268 401 134 98 95 148 325 270 67 454 493 173 223 378 136 271 101 351 253 102 173 333 109 143 24 95 88 47 27 280 182 205 137 270 87 498 202 303 67 144 155 225 181 241 100 311 91 337 209 71 368 423 53 44 60 106 257 182 458 130 230 202 199 144 72 170 43 215 55 306 111 107 61 375 485 155 143 39 346 64 87 160 167 154 349 100 60 127 63 441 206 262 261 354 253 162 244 36 288 166 843 325 126 321 82 380 132 307 246 115 344 121 255 98 213 487 134 271 267 41 248 602 137 161 219 23 82 90 66 168 125 171 68 151 315 260 108 230 382 188 169 55 47 384 179 166 245 251 396 145 93 123 119 239 242 180 195 300 345 133 275 109 68 212 214 117 99 235 71 202 66 79 169 274 109 126 144 261 59 137 412 153 181 447 141 180 67 182 107 52 211 155 151 280 495 119 220 264 305 259 463 366 341 297 108 191 122 122 196 268 180 146 92 312 481 350 103 252 239 161 134 136 270 159 418 104 236 169 285 310 161 190 191 124 313 255 99 56 173 366 205 184 48 160 125 79 224 120 147 54 125 84 372 251 96 479 84 73 54 192 520 121 354 472 225 147 120 307 107 361 162 246 142 198 194 72 90 333 325 42 638 200 137 186 360 99 153 144 208 359 416 234 177 238 195 87 101 174 76 228 111 146 343 168 66 175 183 343 111 91 111 114 250 326 272 244 56 460 36 92 265 203 205 103 151 199 49 164 159 146 520 331 89 324 183 330 55 419 55 372 150 217 81 53 100 123 321 119 163 85 168 252 83 66 155 88 284 134 222 87 181 237 150 28 187 101 79 149 133 213 78 86 135 110 243 56 97 157 406 130 278 310 126 345 88 83 45 104 61 374 96 648 218 376 111 49 357 204 203 242 143 154 236 178 89 175 201 358 310 346 282 89 76 237 484 248 165 302 492 108 222 377 96 79 331 237 94 102 291 173 116 128 199 202 642 149 115 68 566 238 121 87 120 78 283 198 180 143 220 209 147 524 369 159 292 333 484 164 202 76 60 232 50 315 339 305 105 286 123 263 179 95 149 378 133 234 119 174 147 76 270 218 201 143 191 146 151 86 121 77 182 437 170 475 268 107 144 246 
201.444
60000
201 453 196 600 252 167 105 354 177 396 133 138 180 43 160 351 292 265 85 570 381 117 318 220 99 202 169 108 82 139 160 252 81 304 27 325 320 294 141 210 456 68 225 139 199 73 247 187 174 186 151 224 285 180 359 340 386 337 82 170 45 95 84 185 196 465 56 89 182 120 89 84 156 58 70 149 196 200 195 335 158 101 492 311 206 246 168 144 175 187 103 340 215 268 55 243 192 197 106 70 70 85 272 162 147 131 208 23 88 186 64 275 514 127 120 398 65 41 143 270 212 186 296 243 142 180 111 128 246 217 256 310 349 323 116 137 280 298 58 236 83 443 157 457 206 91 49 477 217 191 85 148 79 305 315 123 102 137 127 130 332 55 290 144 156 138 428 49 200 157 42 517 135 169 120 216 227 97 163 356 140 163 112 77 174 88 375 313 124 196 74 320 375 233 119 284 147 307 111 213 173 89 185 179 195 266 268 407 342 234 49 285 80 207 89 298 147 294 172 134 510 331 263 240 46 221 81 141 184 298 278 114 260 183 162 74 176 164 160 247 74 169 128 107 43 312 246 163 77 216 116 183 408 309 161 201 235 284 150 159 183 22 159 222 88 152 259 220 78 298 74 143 82 97 84 419 424 94 318 338 88 208 332 236 83 154 74 225 199 95 71 110 150 281 23 340 217 266 296 127 104 146 582 262 206 101 123 353 49 292 251 163 301 77 295 598 193 276 221 167 96 203 396 258 159 319 105 64 274 65 193 73 114 113 60 261 107 384 38 74 57 167 190 529 65 270 233 38 157 164 351 154 97 189 101 48 216 250 111 178 215 46 486 156 53 327 178 61 139 134 104 136 73 90 143 63 119 66 106 406 137 185 173 168 182 234 239 91 74 115 85 244 559 242 265 92 168 445 117 184 162 210 282 163 371 380 64 113 175 130 81 111 311 352 134 296 144 159 181 433 193 124 172 163 399 82 85 200 182 169 49 62 245 415 33 231 89 235 296 292 266 327 105 174 145 118 229 130 277 171 77 82 61 174 223 212 163 401 101 265 514 80 144 236 315 251 158 184 123 273 69 273 64 93 190 108 235 228 89 89 466 98 554 156 160 447 209 137 170 145 107 74 255 224 390 320 290 260 314 276 
197.292
65000
199 381 286 195 223 222 303 29 162 215 220 155 367 179 277 469 113 75 110 62 423 104 85 434 200 131 342 265 167 140 131 579 325 354 38 115 84 334 139 400 80 54 116 383 190 220 113 73 149 85 277 69 226 103 290 96 324 77 207 208 393 155 103 195 47 66 36 157 79 158 26 176 80 189 210 323 452 248 209 118 277 93 410 505 88 61 78 264 110 69 204 502 266 125 241 687 330 180 213 303 94 332 137 133 99 123 189 437 189 323 183 85 766 176 222 198 78 277 132 323 202 170 151 142 406 41 118 79 206 135 285 140 301 105 115 217 246 268 178 181 198 333 374 52 214 226 62 390 122 285 138 73 153 144 302 246 137 239 178 214 208 67 227 184 163 231 411 219 100 231 141 257 165 246 119 388 181 99 99 342 359 36 410 168 140 192 31 324 76 69 115 49 218 118 141 502 363 99 161 199 591 271 447 94 200 173 135 364 229 287 85 317 335 101 27 161 116 284 165 107 220 85 44 109 78 168 344 74 31 267 106 334 484 204 85 326 136 212 308 150 337 147 368 135 108 93 142 128 218 327 212 155 212 275 100 196 358 259 211 264 155 22 129 135 51 141 178 74 53 107 27 350 240 100 119 264 184 173 33 190 227 52 355 194 118 108 385 204 33 102 105 333 200 263 252 307 223 159 224 76 252 255 497 96 185 445 142 230 353 319 152 172 117 100 134 331 417 260 32 357 582 138 259 198 106 294 232 41 55 100 261 318 327 95 90 221 230 163 129 185 168 84 117 246 169 172 168 122 177 176 380 51 556 240 124 158 223 480 260 171 136 154 196 61 162 92 299 96 66 271 62 213 46 114 166 438 133 64 179 142 159 80 396 204 34 129 366 166 180 186 56 386 92 234 250 112 264 353 192 134 191 212 91 166 200 271 138 199 310 200 140 168 359 74 186 290 354 127 113 244 560 83 224 224 128 30 122 223 105 158 307 336 253 225 97 154 362 79 184 448 273 151 193 143 93 75 231 70 319 175 220 246 567 195 130 152 302 173 293 181 149 98 184 195 195 163 156 238 138 134 47 589 142 84 154 243 226 240 43 125 333 80 119 198 162 180 221 316 61 129 107 68 328 139 178 337 38 60 152 199 
199.384
70000
185 99 167 89 146 128 117 140 285 181 226 46 357 158 179 89 39 154 170 181 276 315 265 260 528 174 206 49 204 234 125 289 220 80 194 245 221 432 209 285 217 379 95 113 236 130 93 196 239 216 237 122 385 47 336 272 269 210 226 141 216 161 240 338 169 189 211 268 124 228 71 166 173 156 86 317 234 201 100 333 393 112 267 481 212 231 157 224 96 62 105 368 406 236 144 206 348 218 260 416 196 84 286 104 223 219 126 263 271 375 76 350 146 39 353 87 521 171 94 101 139 241 64 189 351 342 77 62 223 315 156 213 222 187 72 169 137 203 196 209 140 397 152 244 74 376 163 231 151 124 219 47 133 68 326 254 48 309 74 341 195 98 393 35 203 130 158 215 136 310 131 455 30 132 127 153 123 218 211 162 231 153 508 100 85 218 254 147 109 181 239 77 326 569 228 233 263 349 177 128 196 238 275 277 489 211 73 189 138 354 86 289 359 90 245 69 342 460 114 516 42 75 134 544 544 96 133 79 112 229 113 228 61 291 19 215 181 97 145 161 104 136 157 93 269 252 47 267 184 144 78 237 412 106 342 139 122 317 93 340 221 21 106 180 73 153 151 150 161 212 27 370 313 110 54 123 289 151 75 233 154 184 186 123 152 339 113 225 83 269 206 200 130 252 366 480 144 505 286 126 356 387 325 175 143 168 227 259 271 213 154 183 90 67 124 213 199 372 172 333 656 67 93 232 131 206 133 237 370 336 157 328 315 73 79 149 194 227 102 275 44 327 372 185 47 215 217 164 101 288 342 225 112 120 645 103 132 90 263 45 308 90 336 318 105 87 279 34 109 100 69 199 65 210 239 190 73 76 83 361 274 170 285 198 112 84 138 126 104 27 132 738 371 449 135 100 382 271 447 427 310 211 228 328 61 263 260 239 157 193 155 304 222 119 143 254 238 422 182 196 434 307 65 96 188 103 34 219 323 118 409 320 343 249 86 178 299 253 177 119 67 309 122 286 110 253 112 103 179 246 201 248 182 230 364 108 267 153 110 215 127 61 345 136 140 497 121 84 119 32 152 203 225 29 130 207 183 187 142 158 238 103 279 100 245 108 337 96 204 63 63 390 446 291 165 550 347 311 301 303 
206.006
75000
291 549 50 97 181 201 179 402 220 268 157 413 287 52 93 361 568 324 246 160 436 63 114 320 73 162 329 74 202 642 204 235 244 284 25 142 218 227 104 371 223 131 60 619 180 372 182 129 236 325 170 61 306 178 114 169 379 191 308 239 145 134 168 255 215 127 255 135 79 127 135 397 56 273 59 352 354 153 149 110 33 93 435 555 111 185 423 207 66 300 74 118 248 395 161 352 175 271 366 48 160 257 260 178 173 272 222 597 239 60 37 171 122 127 135 124 359 89 158 257 325 110 260 138 317 301 193 191 41 284 261 244 332 134 63 165 341 142 107 142 115 70 244 233 160 108 195 416 72 50 143 170 685 60 506 126 289 268 198 101 90 40 319 164 100 297 184 209 134 193 41 403 252 122 178 103 186 132 118 323 101 124 220 174 126 69 50 130 157 167 125 151 254 335 247 252 424 286 123 377 505 244 108 220 93 309 103 76 144 195 163 97 233 202 184 806 383 349 318 330 151 83 69 241 223 183 257 82 234 122 303 177 278 298 59 237 159 78 49 201 150 576 250 374 199 199 145 141 65 404 176 115 453 73 265 190 192 242 120 55 56 68 230 429 142 103 68 139 39 258 55 378 109 77 196 309 182 157 169 201 338 22 228 154 171 104 72 78 37 126 61 116 423 222 99 222 292 195 47 177 132 326 221 254 98 163 224 49 221 288 105 192 353 161 214 113 152 300 157 142 350 72 196 202 110 176 333 89 91 44 454 250 194 194 60 239 96 558 97 275 47 289 406 159 190 195 54 199 70 257 173 96 152 294 55 44 228 467 65 198 196 79 155 178 79 500 220 198 70 31 134 282 239 100 82 374 486 80 47 359 195 231 192 73 92 196 195 67 142 228 36 30 277 79 234 377 457 44 89 234 425 252 434 277 254 205 242 176 153 118 79 121 278 80 215 262 188 182 27 260 257 398 152 449 250 275 259 63 113 202 153 425 107 251 72 227 315 388 141 67 298 298 233 113 108 313 101 88 131 205 130 30 376 402 76 203 254 116 178 227 373 120 362 253 165 77 126 106 112 445 109 175 97 120 164 348 241 129 230 412 267 59 198 207 210 384 399 72 58 41 83 316 345 607 94 444 130 264 100 212 
203.912
80000
373 65 206 250 332 133 50 136 62 595 134 68 521 163 200 201 132 132 132 96 155 193 295 496 332 261 103 118 207 168 56 194 299 248 174 182 237 88 130 283 169 130 171 183 101 107 206 67 155 136 305 135 96 256 461 87 249 90 100 177 80 205 290 145 242 160 91 193 94 230 75 96 198 172 133 55 207 100 206 217 393 141 376 188 248 564 228 232 68 118 87 209 251 204 140 293 118 55 58 96 65 257 720 159 126 250 92 287 75 272 181 271 448 65 31 264 153 407 133 145 203 209 38 651 189 314 206 41 167 411 199 228 175 244 96 185 117 280 25 352 116 339 48 42 99 253 92 122 36 54 109 117 290 181 157 130 237 197 65 128 465 90 199 302 137 147 182 236 167 37 47 265 220 93 211 320 102 144 89 206 150 157 427 273 83 230 179 130 58 254 143 37 135 142 40 458 47 219 52 195 404 206 344 191 179 203 134 211 119 185 70 120 254 110 153 282 371 193 119 138 283 177 186 484 271 76 172 101 270 114 177 257 247 420 175 66 429 80 162 38 170 87 83 261 98 295 237 157 124 249 286 95 628 308 79 68 140 105 197 49 262 142 266 200 211 350 217 214 123 246 60 104 110 44 135 361 168 94 221 54 169 141 271 468 366 64 293 132 50 66 94 523 425 362 188 332 209 130 309 262 28 199 93 392 126 365 189 99 72 247 90 47 91 297 185 181 265 178 169 208 38 141 74 159 99 246 185 187 238 484 101 318 396 156 154 263 225 77 111 217 161 210 161 92 282 84 177 225 50 263 235 147 364 347 583 175 201 255 189 335 486 63 91 221 58 485 157 174 117 116 94 57 189 171 126 207 243 106 143 381 115 104 223 326 275 287 282 58 119 41 236 170 104 249 252 114 193 182 94 192 215 143 268 77 218 330 241 189 75 218 248 174 501 86 191 323 212 448 256 109 142 171 49 275 233 91 376 97 134 206 297 76 250 356 97 234 376 152 289 211 214 109 288 172 170 222 183 138 69 281 205 183 113 104 189 97 417 177 130 112 127 91 172 107 359 53 77 68 122 362 60 186 71 114 95 430 291 214 83 195 743 117 63 196 270 297 151 132 26 119 84 458 339 486 101 94 165 263 334 116 
194.072
85000
209 647 182 190 30 141 118 469 82 56 150 261 508 101 165 309 153 447 173 278 230 134 180 421 104 206 121 137 53 151 217 212 96 151 97 187 200 528 103 404 274 154 183 370 177 65 166 53 325 402 103 101 112 301 118 153 275 369 251 481 280 198 175 308 222 149 225 79 80 179 80 373 93 43 127 518 378 173 87 316 54 126 141 241 173 475 252 161 75 99 173 449 249 174 132 488 653 198 123 171 252 513 258 227 133 190 185 347 92 402 176 237 252 36 142 161 148 112 110 346 329 154 249 245 337 184 81 112 181 212 85 93 127 237 45 77 254 120 45 351 51 83 191 123 120 243 173 370 408 133 142 106 110 224 184 38 127 181 198 166 329 43 148 141 38 326 257 114 46 165 44 379 86 102 290 284 216 103 67 287 255 114 158 213 82 64 167 88 66 104 84 565 211 382 168 617 250 186 294 230 41 441 441 213 121 118 191 88 78 201 142 71 411 76 166 239 240 282 108 105 261 101 158 607 168 148 54 25 138 171 74 457 150 350 22 239 294 512 156 91 188 71 437 416 192 151 133 23 109 94 306 208 165 164 160 160 154 299 101 177 126 37 267 166 57 116 262 251 57 87 56 148 95 109 103 141 424 109 87 367 300 175 136 197 132 167 66 129 149 87 80 186 73 228 282 367 193 287 191 193 95 212 168 132 247 114 141 266 351 400 80 362 155 188 117 127 67 145 213 135 72 213 178 399 173 181 281 94 65 98 154 120 376 157 41 135 193 99 139 233 106 279 192 451 174 254 137 41 151 206 294 164 155 138 360 72 250 146 305 225 384 129 253 92 184 126 355 59 75 270 28 414 186 95 107 311 658 167 284 210 268 101 326 363 98 232 360 195 116 52 110 268 517 360 73 410 481 501 223 406 253 655 325 46 351 266 90 190 60 361 295 51 202 243 128 141 178 162 132 37 334 288 158 445 209 266 178 185 87 182 177 278 90 282 200 213 529 158 267 95 43 297 230 226 144 151 147 201 103 57 332 166 156 132 271 97 198 331 292 346 384 63 93 109 91 107 75 241 100 314 124 285 95 52 210 152 262 136 149 467 414 185 420 179 177 171 225 195 155 285 121 307 204 187 255 440 194 185 133 314 
202.12
90000
225 261 87 177 125 490 269 278 90 69 51 62 332 223 234 107 271 225 103 198 314 37 380 277 205 165 328 158 78 264 30 134 126 293 103 331 96 173 102 368 180 289 256 47 180 51 130 179 113 140 258 216 325 488 306 74 324 116 132 174 322 78 493 54 229 309 383 88 119 99 70 186 181 81 198 237 303 218 109 386 214 20 335 193 111 103 155 162 151 154 143 199 175 653 207 128 718 383 196 120 184 298 185 284 380 39 110 120 428 309 164 162 89 94 195 120 253 153 61 323 269 189 147 256 254 199 183 69 301 281 180 340 85 252 79 232 164 388 101 393 321 255 78 329 90 268 93 202 160 153 160 150 346 36 227 138 333 151 88 181 404 84 333 362 186 310 26 119 23 156 54 535 254 270 157 77 104 193 71 77 457 55 273 196 201 207 336 127 70 61 405 281 258 156 110 468 183 272 98 61 508 116 110 92 101 139 208 223 182 147 116 55 283 45 124 253 226 80 271 261 217 155 157 102 264 220 79 203 376 294 114 198 311 421 59 161 119 585 105 254 120 311 218 151 178 134 80 171 207 95 106 85 180 361 172 116 231 94 128 201 86 56 169 201 152 184 145 106 94 371 107 264 63 211 53 880 165 174 59 196 173 139 319 237 111 236 288 167 223 87 196 186 368 130 267 462 260 285 81 128 289 211 298 306 338 202 245 217 278 211 108 138 277 38 114 146 102 122 227 167 115 102 180 141 227 116 90 74 249 151 136 183 171 250 58 507 413 226 84 354 158 83 175 188 67 188 92 67 252 349 283 91 340 140 185 109 310 166 161 403 565 86 113 206 214 236 102 116 131 177 195 172 193 122 123 146 174 59 36 159 255 66 592 274 48 173 321 62 109 177 30 362 71 42 127 477 497 542 224 122 92 216 334 221 305 127 147 252 58 297 295 142 284 56 51 350 311 41 179 114 75 217 172 363 305 406 119 157 198 185 210 376 211 269 104 251 119 399 249 109 50 163 171 229 58 47 124 279 345 344 154 111 223 294 601 44 137 174 121 216 198 92 371 32 104 273 362 66 69 248 68 559 146 130 122 299 352 174 191 548 188 147 164 520 326 181 108 62 103 39 308 294 360 282 93 512 426 123 268 72 
201.538
95000
223 471 218 317 200 312 346 52 499 121 57 374 279 54 136 534 71 177 124 200 281 188 268 224 188 230 93 128 102 89 206 196 350 147 69 260 164 240 199 359 172 355 369 263 93 233 90 288 92 213 108 182 228 100 131 48 179 285 298 158 76 232 207 285 202 334 129 139 87 333 47 450 110 144 58 203 232 120 78 201 278 159 192 350 99 252 176 68 177 107 31 170 597 220 201 235 367 410 372 92 133 276 462 238 25 128 184 195 111 175 184 267 354 46 354 96 114 288 159 348 291 61 196 203 268 105 79 99 129 110 82 379 300 250 24 250 196 125 60 177 61 129 110 74 79 368 277 138 151 310 149 82 43 261 533 89 59 49 167 214 450 107 212 88 234 343 233 93 37 128 42 238 155 93 321 291 320 43 299 149 104 234 518 334 162 237 54 167 167 39 353 121 453 551 226 200 159 303 168 111 195 176 148 211 140 355 243 122 156 355 338 402 73 167 30 400 490 107 136 345 300 177 115 123 234 274 211 179 168 260 211 422 302 294 106 245 248 183 88 63 157 197 165 294 86 208 75 76 292 33 274 74 226 186 160 82 159 192 202 59 182 91 81 103 62 394 400 121 246 65 96 394 119 150 145 453 319 162 67 216 48 140 180 233 121 383 360 142 128 71 173 136 141 416 52 254 76 218 393 105 238 253 765 244 138 140 301 218 146 143 46 49 298 157 189 189 186 252 141 225 108 319 335 270 206 155 198 120 106 585 245 132 243 106 46 344 57 76 150 117 125 130 224 293 167 110 385 171 148 156 149 157 252 373 489 174 110 114 388 294 195 190 107 99 135 157 188 377 169 449 107 153 88 168 243 141 346 187 112 361 129 90 267 192 207 384 552 138 164 84 201 222 94 91 149 136 309 191 294 176 242 282 178 127 213 125 114 373 43 261 136 353 374 169 37 365 360 164 319 183 201 153 150 376 137 215 116 83 53 475 544 69 48 383 94 57 214 317 203 45 160 197 42 78 157 110 348 201 120 204 222 186 224 120 339 97 244 445 23 273 200 64 100 84 130 108 288 169 74 445 109 184 140 129 77 379 125 238 221 141 299 234 115 368 153 174 384 108 180 59 51 103 503 76 260 432 285 221 265 293 
201.346
100000
116 270 281 555 229 370 100 416 175 245 194 128 282 135 186 211 192 222 144 51 323 208 300 233 434 148 164 100 208 95 319 386 121 220 88 176 121 94 85 214 72 163 130 178 83 232 61 141 78 42 85 153 231 97 464 51 495 139 222 126 246 114 133 312 123 306 93 134 100 357 40 203 253 116 137 348 391 108 101 278 926 85 263 297 43 147 122 96 239 124 162 157 453 383 343 230 267 179 239 55 225 409 252 167 141 245 362 66 441 374 116 337 807 124 232 120 93 420 174 210 374 225 95 506 343 423 307 80 160 199 208 540 225 498 69 136 70 55 181 144 145 293 199 491 122 115 89 122 93 431 395 61 381 57 152 122 97 177 348 152 389 36 146 64 183 73 270 208 122 142 178 135 121 185 111 254 502 29 156 81 321 138 109 345 65 76 245 266 127 270 71 133 378 277 159 238 525 113 220 99 62 120 64 59 96 136 72 569 240 333 84 195 94 83 159 234 359 130 146 294 168 99 167 248 135 330 134 192 193 132 195 515 341 418 32 181 288 243 58 308 155 279 103 87 71 204 170 115 95 327 204 75 225 166 235 162 114 164 160 230 372 207 665 99 160 226 168 282 58 179 93 316 129 105 191 306 291 48 274 303 211 42 185 688 76 327 128 150 124 279 201 351 154 429 244 109 237 188 377 211 97 867 195 251 351 311 127 176 216 293 102 166 747 136 251 215 282 124 234 224 483 138 317 482 322 254 73 82 128 225 131 237 355 563 48 178 118 211 40 373 214 264 178 117 196 198 175 148 142 317 224 179 122 227 216 205 99 366 226 61 87 41 310 139 161 156 116 43 150 472 87 431 170 73 147 271 277 203 52 249 180 34 329 346 108 142 278 251 84 213 132 210 330 101 211 616 99 222 73 143 144 187 173 263 138 82 171 69 135 71 173 46 308 38 82 367 198 210 73 204 301 289 276 153 204 84 191 95 137 405 130 374 222 296 88 429 203 335 131 220 45 239 241 120 200 50 54 198 28 261 209 101 232 268 85 93 375 133 228 330 126 123 114 118 132 289 30 290 91 394 54 66 39 106 219 83 348 236 181 222 214 58 160 353 291 61 203 221 210 70 78 167 123 58 65 408 264 291 313 76 
205.068
